18179 13.936042785644531
18170 0.8001327514648438
18163 1.5711784362792969
18163 1.0950565338134766
18159 0.6110668182373047
18151 0.6670951843261719
18145 1.2822151184082031
18110 1.2500286102294922
18110 1.5277862548828125
18106 0.22792816162109375
18083 0.9491443634033203
18064 0.0782012939453125
18064 0.25391578674316406
18058 1.8067359924316406
18053 0.5877017974853516
18032 1.5048980712890625
18032 1.0771751403808594
18024 0.7708072662353516
17996 0.5297660827636719
17977 0.16617774963378906
17977 0.07128715515136719
17977 0.5991458892822266
17977 0.54931640625
17962 1.348257064819336
17962 1.5048980712890625
17949 0.3230571746826172
17883 1.2290477752685547
17883 0.05602836608886719
17872 1.0640621185302734
17872 0.9157657623291016
17872 1.6410350799560547
17872 1.3189315795898438
17831 1.0139942169189453
17824 1.1053085327148438
17800 0.4200935363769531
17790 0.5009174346923828
17790 0.7121562957763672
17777 0.45490264892578125
17776 1.3818740844726562
17775 1.5192031860351562
17775 0.2989768981933594
17765 1.2497901916503906
17754 1.6911029815673828
17722 1.439809799194336
17722 0.36716461181640625
17722 1.1491775512695312
17722 0.5042552947998047
17713 0.27489662170410156
17703 0.7367134094238281
17703 0.9052753448486328
17703 0.43511390686035156
17672 0.13780593872070312
17672 1.3308525085449219
17663 0.6771087646484375
17636 0.012159347534179688
17636 0.6341934204101562
17636 0.8471012115478516
17636 0.8909702301025391
17618 0.3600120544433594
17618 0.8158683776855469
17618 1.4510154724121094
17595 0.2639293670654297
17580 0.5021095275878906
17552 0.20575523376464844
17552 0.16188621520996094
17540 1.2121200561523438
17540 0.7109642028808594
17540 0.9429454803466797
17518 1.1699199676513672
17518 1.329183578491211
17506 0.0476837158203125
17506 0.5161762237548828
17487 0.09584426879882812
17487 1.2121200561523438
17480 0.9469985961914062
17480 0.5578994750976562
17465 0.4069805145263672
17439 0.4088878631591797
17439 1.4190673828125
17439 0.34880638122558594
17426 0.8709430694580078
17426 0.514984130859375
17406 0.6589889526367188
17383 0.5323886871337891
17383 0.47206878662109375
17368 0.8718967437744141
17362 0.9729862213134766
17362 0.7660388946533203
17362 1.3480186462402344
17304 0.3509521484375
17301 0.028848648071289062
17233 0.4520416259765625
17233 0.125885009765625
17233 0.19884109497070312
17233 0.8158683776855469
17217 0.7460117340087891
17217 1.3380050659179688
17194 1.0619163513183594
17189 0.3521442413330078
17186 0.492095947265625
17186 0.576019287109375
17168 0.9179115295410156
17165 0.4811286926269531
17165 1.0707378387451172
17165 0.07891654968261719
17123 1.3508796691894531
17059 0.9970664978027344
17059 0.9598731994628906
17059 0.087738037109375
17020 1.3699531555175781
17001 0.6859302520751953
17000 0.13589859008789062
16995 0.3228187561035156
16981 1.5327930450439453
16966 1.0690689086914062
16944 0.16307830810546875
16944 1.2249946594238281
16944 0.6248950958251953
16941 0.6711483001708984
16941 0.5843639373779297
16941 0.5252361297607422
16941 0.9191036224365234
16936 1.5120506286621094
16934 0.6079673767089844
16923 0.7319450378417969
16923 0.49996376037597656
16922 1.2218952178955078
16922 0.4801750183105469
16906 0.7719993591308594
16861 0.8778572082519531
16844 1.0790824890136719
16839 1.383066177368164
16839 0.5257129669189453
16839 0.6330013275146484
16839 0.5488395690917969
16839 0.782012939453125
16839 0.6690025329589844
16818 1.3339519500732422
16818 0.9851455688476562
16811 0.4830360412597656
16783 0.3399848937988281
16783 1.1951923370361328
16783 0.17189979553222656
16783 1.0271072387695312
16775 0.4429817199707031
16752 0.37026405334472656
16752 0.8907318115234375
16752 0.9038448333740234
16732 0.5841255187988281
16732 0.15425682067871094
16721 0.2460479736328125
16707 0.23317337036132812
16696 0.09179115295410156
16696 0.5199909210205078
16696 0.9031295776367188
16696 1.322031021118164
16696 0.11873245239257812
16637 0.3540515899658203
16609 0.7967948913574219
16571 0.9980201721191406
16545 0.14495849609375
16513 0.5202293395996094
16513 0.38909912109375
16510 1.2440681457519531
16494 0.3190040588378906
16450 0.19097328186035156
16432 1.489877700805664
16428 0.3020763397216797
16427 0.13184547424316406
16411 1.0788440704345703
16403 1.5270709991455078
16403 0.1647472381591797
16403 0.38814544677734375
16403 0.39315223693847656
16376 1.3082027435302734
16376 0.2300739288330078
16376 1.4357566833496094
16376 1.4421939849853516
16329 1.5392303466796875
16329 1.2118816375732422
16327 1.0309219360351562
16327 0.27680397033691406
16327 0.3101825714111328
16327 1.0318756103515625
16327 1.0280609130859375
16327 1.4190673828125
16327 0.392913818359375
16327 0.2949237823486328
16318 0.09393692016601562
16295 0.34499168395996094
16293 0.6678104400634766
16293 0.8358955383300781
16285 1.194000244140625
16268 0.32901763916015625
16268 0.5509853363037109
16268 1.3680458068847656
16249 1.5711784362792969
16244 0.9307861328125
16244 0.8666515350341797
16240 0.5178451538085938
16240 0.5931854248046875
16226 0.7660388946533203
16209 0.9367465972900391
16198 1.3203620910644531
16193 1.0449886322021484
16157 0.08225440979003906
16157 1.1320114135742188
16157 0.9520053863525391
16157 0.041961669921875
16110 1.4438629150390625
16110 1.2297630310058594
16110 0.8690357208251953
16110 1.4100074768066406
16110 0.5688667297363281
16076 0.5710124969482422
16076 0.61798095703125
16041 0.8666515350341797
15994 0.7481575012207031
15994 0.07390975952148438
15994 1.542806625366211
15976 0.11706352233886719
15966 0.21505355834960938
15966 0.6010532379150391
15966 0.8661746978759766
15926 1.020193099975586
15926 1.4789104461669922
15926 0.5431175231933594
15926 1.2028217315673828
15898 1.0409355163574219
15898 1.0120868682861328
15898 0.4818439483642578
15898 0.3349781036376953
15898 1.0390281677246094
15883 1.3649463653564453
15883 0.8172988891601562
15866 0.1900196075439453
15864 0.09989738464355469
15857 0.4589557647705078
15857 0.29015541076660156
15857 0.2269744873046875
15857 0.43272972106933594
15837 0.4870891571044922
15837 1.1699199676513672
15837 0.6279945373535156
15763 0.6189346313476562
15736 1.6219615936279297
15736 0.1552104949951172
15685 1.5230178833007812
15670 0.13399124145507812
15658 0.3230571746826172
15632 1.4567375183105469
15632 0.2262592315673828
15592 0.7910728454589844
15588 1.0089874267578125
15588 0.5118846893310547
15547 1.9462108612060547
15547 0.7171630859375
15529 0.6139278411865234
15525 0.7948875427246094
15517 0.6699562072753906
15516 0.48828125
15516 0.1380443572998047
15516 0.4363059997558594
15516 0.04506111145019531
15498 1.2760162353515625
15483 1.3930797576904297
15483 1.3527870178222656
15476 1.2919902801513672
15458 1.2018680572509766
15458 0.9801387786865234
15458 1.2378692626953125
15458 1.0678768157958984
15458 1.524209976196289
15430 0.8299350738525391
15380 1.1091232299804688
15380 1.3468265533447266
15379 0.3819465637207031
15367 1.399993896484375
15367 1.3132095336914062
15354 0.6289482116699219
15354 0.8387565612792969
15354 0.9260177612304688
15349 1.088857650756836
15349 1.5361309051513672
15349 0.7879734039306641
15349 0.9160041809082031
15329 0.4260540008544922
15319 0.2989768981933594
15319 0.8990764617919922
15319 1.1019706726074219
15315 0.7448196411132812
15274 0.15783309936523438
15274 1.3802051544189453
15274 0.3349781036376953
15259 0.45800209045410156
15259 0.9617805480957031
15259 1.3120174407958984
15259 0.80108642578125
15230 0.8649826049804688
15230 1.1818408966064453
15230 0.4379749298095703
15230 1.3430118560791016
15230 1.1451244354248047
15202 1.5239715576171875
15202 0.8599758148193359
15202 0.8461475372314453
15202 0.25010108947753906
15145 0.3941059112548828
15145 0.5369186401367188
15145 1.4667510986328125
15118 0.4210472106933594
15118 1.2030601501464844
15118 1.0592937469482422
15102 0.20599365234375
15091 1.3937950134277344
15091 0.8120536804199219
15086 1.2140274047851562
15076 0.47397613525390625
14999 0.8199214935302734
14999 1.4977455139160156
14999 1.3899803161621094
14999 0.2219676971435547
14997 0.08606910705566406
14947 1.4121532440185547
14923 0.11205673217773438
14923 1.2280941009521484
14923 0.5941390991210938
14889 1.1379718780517578
14889 1.0690689086914062
14854 1.5716552734375
14853 0.8561611175537109
14853 0.31185150146484375
14840 0.3857612609863281
14840 0.2129077911376953
14840 0.9930133819580078
14840 1.0750293731689453
14840 1.1360645294189453
14840 0.07510185241699219
14814 1.3320446014404297
14814 0.031948089599609375
14814 1.2378692626953125
14814 0.6160736083984375
14814 0.22220611572265625
14814 1.2569427490234375
14810 0.6861686706542969
14810 1.3058185577392578
14803 1.0528564453125
14796 0.05602836608886719
14796 0.04506111145019531
14796 0.7259845733642578
14796 1.0819435119628906
14729 1.5010833740234375
14729 0.47707557678222656
14668 0.26226043701171875
14666 1.1332035064697266
14648 0.5271434783935547
14644 0.60272216796875
14644 0.9779930114746094
14644 0.3027915954589844
14640 0.9777545928955078
14640 0.6830692291259766
14637 0.9341239929199219
14614 0.3037452697753906
14609 0.1499652862548828
14585 0.9779930114746094
14545 0.370025634765625
14545 1.1551380157470703
14545 0.141143798828125
14531 1.0542869567871094
14522 1.4300346374511719
14522 1.3282299041748047
14522 0.9539127349853516
14510 0.7188320159912109
14510 0.6620883941650391
14510 0.7810592651367188
14510 1.1310577392578125
14510 1.1560916900634766
14510 1.5769004821777344
14510 1.0287761688232422
14510 0.2372264862060547
14510 0.6058216094970703
14458 1.4472007751464844
14407 0.1442432403564453
14394 0.3108978271484375
14393 1.5170574188232422
14374 1.9190311431884766
14366 1.9450187683105469
14328 1.5001296997070312
14322 1.0046958923339844
14322 1.4910697937011719
14318 1.1839866638183594
14293 2.0589828491210938
14286 1.6529560089111328
14286 0.41222572326660156
14286 1.3680458068847656
14286 0.7481575012207031
14248 0.3409385681152344
14241 1.4417171478271484
14241 2.3589134216308594
14241 1.8877983093261719
14241 0.5061626434326172
14241 2.179861068725586
14233 0.22411346435546875
14233 0.3330707550048828
14231 0.6008148193359375
14231 0.5817413330078125
14231 2.03704833984375
14228 2.2377967834472656
14224 0.3120899200439453
14224 0.7040500640869141
14224 1.3890266418457031
14162 1.146078109741211
14159 1.5740394592285156
14159 1.6760826110839844
14149 1.8439292907714844
14113 2.0170211791992188
14113 1.455068588256836
14097 0.324249267578125
14091 0.5958080291748047
14091 0.04601478576660156
14091 0.28896331787109375
14090 0.9219646453857422
14090 1.2447834014892578
14060 2.0601749420166016
14059 0.5991458892822266
14050 1.1510848999023438
14050 2.691984176635742
14050 1.1851787567138672
14048 1.4758110046386719
14048 0.33473968505859375
14048 2.858877182006836
14048 1.722097396850586
14047 2.4650096893310547
14047 0.6840229034423828
14047 1.1899471282958984
14047 2.342700958251953
14047 1.5811920166015625
14042 1.0571479797363281
14042 2.525806427001953
14015 0.9238719940185547
14015 1.7020702362060547
13992 0.39124488830566406
13975 2.5911331176757812
13975 0.6258487701416016
13965 0.19693374633789062
13965 0.5908012390136719
13965 1.7352104187011719
13938 1.268148422241211
13938 0.31304359436035156
13912 1.310110092163086
13908 0.8678436279296875
13908 0.8339881896972656
13908 0.6909370422363281
13874 2.0241737365722656
13866 0.35381317138671875
13862 0.6031990051269531
13817 2.811908721923828
13817 0.2639293670654297
13797 1.669168472290039
13797 2.4068355560302734
13788 1.901865005493164
13781 0.43392181396484375
13781 1.5506744384765625
13781 0.9059906005859375
13773 0.26297569274902344
13773 0.67901611328125
13773 0.2071857452392578
13708 0.8320808410644531
13708 2.1491050720214844
13679 2.349853515625
13673 3.1280517578125
13673 0.8869171142578125
13673 1.3821125030517578
13673 0.7669925689697266
13670 2.003908157348633
13670 1.3208389282226562
13670 0.5459785461425781
13670 0.7290840148925781
13670 1.6660690307617188
13670 0.39887428283691406
13670 0.32806396484375
13614 0.579833984375
13614 1.0237693786621094
13614 2.177000045776367
13614 1.0647773742675781
13559 1.7049312591552734
13559 1.2819766998291016
13559 0.8330345153808594
13556 0.453948974609375
13555 0.5161762237548828
13543 0.225067138671875
13535 0.9939670562744141
13535 0.7910728454589844
13535 1.0747909545898438
13535 1.3272762298583984
13535 1.3051033020019531
13535 0.006198883056640625
13524 0.5021095275878906
13513 0.6330013275146484
13513 1.506805419921875
13513 0.7150173187255859
13513 0.701904296875
13513 0.9160041809082031
13513 0.7579326629638672
13491 0.4241466522216797
13491 0.9360313415527344
13491 1.5268325805664062
13491 0.028848648071289062
13491 0.49185752868652344
13481 1.0058879852294922
13481 0.9150505065917969
13474 1.0762214660644531
13473 1.0209083557128906
13441 0.12612342834472656
13441 1.0459423065185547
13441 0.8912086486816406
13441 0.8652210235595703
13438 0.20575523376464844
13438 1.1138916015625
13438 0.6008148193359375
13430 1.4960765838623047
13412 1.6281604766845703
13402 1.3949871063232422
13384 1.4691352844238281
13384 1.0309219360351562
13384 1.1250972747802734
13384 0.9291172027587891
13384 1.188039779663086
13379 1.0502338409423828
13379 1.4030933380126953
13379 0.6871223449707031
13379 0.4811286926269531
13379 0.5228519439697266
13379 0.7030963897705078
13379 0.37384033203125
13375 1.1332035064697266
13375 1.3091564178466797
13366 0.15401840209960938
13366 0.4031658172607422
13359 0.6659030914306641
13282 0.016927719116210938
13282 1.1110305786132812
13281 0.8058547973632812
13281 0.2579689025878906
13281 0.8919239044189453
13281 1.3840198516845703
13281 1.2788772583007812
13273 0.27489662170410156
13260 0.6580352783203125
13256 0.02574920654296875
13256 0.8409023284912109
13256 0.1590251922607422
13239 0.43702125549316406
13239 0.23317337036132812
13224 0.3218650817871094
13221 0.19502639770507812
13187 1.5609264373779297
13187 0.22101402282714844
13187 0.6508827209472656
13187 1.4030933380126953
13187 1.1179447174072266
13187 0.4029273986816406
13184 1.0530948638916016
13184 0.9319782257080078
13184 1.215219497680664
13183 0.2779960632324219
13183 1.2888908386230469
13167 0.141143798828125
13148 0.26798248291015625
13142 0.8141994476318359
13106 0.2911090850830078
13106 0.5357265472412109
13097 0.08082389831542969
13097 1.1217594146728516
13080 0.7340908050537109
13080 1.4791488647460938
13080 0.7522106170654297
13080 1.1250972747802734
13080 1.455068588256836
13080 0.21886825561523438
13080 0.5729198455810547
13041 1.1010169982910156
13041 0.7119178771972656
13041 0.37407875061035156
13041 0.3490447998046875
13041 1.0590553283691406
13041 0.7190704345703125
13041 0.4780292510986328
13041 0.7867813110351562
13026 0.7450580596923828
13024 0.04601478576660156
13006 1.4951229095458984
13006 1.438140869140625
12949 0.6728172302246094
12929 0.9810924530029297
12893 1.3136863708496094
12873 1.5361309051513672
12871 1.222848892211914
12871 1.4300346374511719
12871 0.41174888610839844
12871 0.20194053649902344
12854 1.3270378112792969
12854 0.8399486541748047
12843 0.5469322204589844
12829 0.2970695495605469
12826 1.3301372528076172
12826 1.3878345489501953
12826 0.3781318664550781
12826 0.7920265197753906
12826 0.3960132598876953
12826 0.0782012939453125
12826 1.5628337860107422
12826 1.2731552124023438
12821 1.0101795196533203
12821 1.155853271484375
12821 0.8921623229980469
12821 1.3418197631835938
12791 0.4570484161376953
12773 1.2290477752685547
12773 1.1310577392578125
12773 0.4010200500488281
12773 0.904083251953125
12753 0.8020401000976562
12753 0.5900859832763672
12751 1.1279582977294922
12751 0.2989768981933594
12751 0.5228519439697266
12739 1.2900829315185547
12731 0.1270771026611328
12731 0.5068778991699219
12731 0.25391578674316406
12725 0.9453296661376953
12725 0.32782554626464844
12725 0.3399848937988281
12725 0.1499652862548828
12692 0.5080699920654297
12692 0.7390975952148438
12692 0.591278076171875
12672 0.5590915679931641
12672 0.05507469177246094
12672 0.2486705780029297
12669 0.9930133819580078
12669 0.23102760314941406
12667 0.7622241973876953
12647 0.21505355834960938
12647 0.6861686706542969
12638 0.4200935363769531
12638 1.199960708618164
12638 0.13208389282226562
12598 0.16999244689941406
12594 0.10180473327636719
12594 0.6108283996582031
12594 0.537872314453125
12594 1.5027523040771484
12588 0.5300045013427734
12588 0.23984909057617188
12588 1.3997554779052734
12588 1.5401840209960938
12563 0.8902549743652344
12525 0.675201416015625
12525 0.7090568542480469
12478 0.36716461181640625
12469 0.4699230194091797
12469 0.5011558532714844
12454 1.0762214660644531
12454 1.0089874267578125
12454 0.6239414215087891
12454 0.48470497131347656
12454 0.6704330444335938
12454 0.07915496826171875
12445 1.1830329895019531
12425 1.4662742614746094
12425 1.0831356048583984
12425 0.9119510650634766
12425 0.8318424224853516
12425 0.8299350738525391
12410 0.4699230194091797
12399 1.1560916900634766
12399 0.09703636169433594
12386 0.23865699768066406
12386 0.7381439208984375
12386 0.7300376892089844
12386 0.926971435546875
12382 1.3980865478515625
12377 0.3387928009033203
12377 0.7901191711425781
12377 0.888824462890625
12348 1.2021064758300781
12348 0.9179115295410156
12333 0.16999244689941406
12333 0.9489059448242188
12333 0.7708072662353516
12329 0.9288787841796875
12329 0.3058910369873047
12317 0.3879070281982422
12311 1.1858940124511719
12311 0.12111663818359375
12301 1.15203857421875
12301 0.30112266540527344
12288 0.08416175842285156
12288 0.3662109375
12261 1.146078109741211
12254 0.9589195251464844
12254 0.02288818359375
12248 1.1000633239746094
12248 0.9050369262695312
12248 0.5948543548583984
12248 0.17905235290527344
12248 0.06198883056640625
12248 0.04291534423828125
12188 1.1851787567138672
12188 0.8261203765869141
12188 0.5459785461425781
12171 1.0919570922851562
12171 0.7121562957763672
12171 1.0781288146972656
12171 1.2907981872558594
12135 1.4789104461669922
12135 1.0859966278076172
12135 0.8809566497802734
12130 0.0209808349609375
12130 1.497030258178711
12130 0.5800724029541016
12130 0.3020763397216797
12130 1.4088153839111328
12130 1.4758110046386719
12130 0.9510517120361328
12130 0.2880096435546875
12130 1.2218952178955078
12130 1.0399818420410156
12130 0.2319812774658203
12129 0.3509521484375
12129 0.30994415283203125
12127 1.1148452758789062
12127 0.45490264892578125
12124 0.5152225494384766
12099 0.09226799011230469
12099 0.9353160858154297
12099 0.6389617919921875
12099 0.7510185241699219
12099 0.47206878662109375
12099 0.2911090850830078
12085 1.4657974243164062
12085 0.6670951843261719
12085 0.1552104949951172
12085 1.379251480102539
12073 0.6561279296875
12073 1.386880874633789
12073 0.41604042053222656
12073 0.5719661712646484
12061 1.125335693359375
12043 0.591278076171875
12043 1.5079975128173828
12043 0.15211105346679688
12043 0.30493736267089844
12043 0.9489059448242188
12043 0.8089542388916016
12043 0.3650188446044922
12032 0.8077621459960938
12032 0.8015632629394531
12032 0.11181831359863281
12028 0.9329319000244141
12028 0.6756782531738281
12028 1.50299072265625
12028 0.7390975952148438
12028 0.4112720489501953
12028 1.5490055084228516
12028 0.9720325469970703
11991 1.5358924865722656
11979 0.3838539123535156
11979 0.7660388946533203
11979 1.489877700805664
11979 0.22482872009277344
11979 0.2970695495605469
11979 1.2290477752685547
11979 0.9360313415527344
11979 1.2407302856445312
11979 0.7739067077636719
11979 0.308990478515625
11979 0.125885009765625
11979 1.5099048614501953
11979 0.1857280731201172
11979 1.4858245849609375
11979 0.9098052978515625
11968 0.12183189392089844
11968 0.5731582641601562
11968 1.379251480102539
11968 1.4820098876953125
11959 0.26535987854003906
11959 0.3960132598876953
11959 0.09393692016601562
11954 0.7798671722412109
11954 0.7002353668212891
11954 1.004934310913086
11924 1.5261173248291016
11924 1.0402202606201172
11924 1.2118816375732422
11924 0.9217262268066406
11907 0.4050731658935547
11907 1.0828971862792969
11907 0.15592575073242188
11907 0.0591278076171875
11899 0.19025802612304688
11890 0.16117095947265625
11878 1.0919570922851562
11878 0.051021575927734375
11878 0.8089542388916016
11878 0.8492469787597656
11878 0.10800361633300781
11864 1.522064208984375
11862 1.3549327850341797
11862 0.8869171142578125
11862 1.3000965118408203
11862 0.17309188842773438
11862 0.36716461181640625
11831 1.1491775512695312
11829 0.9751319885253906
11824 0.10085105895996094
11824 0.5750656127929688
11824 1.232147216796875
11824 1.2018680572509766
11820 1.4429092407226562
11812 1.5361309051513672
11806 0.22721290588378906
11806 0.7998943328857422
11806 0.7832050323486328
11783 0.10704994201660156
11783 0.1881122589111328
11783 1.1761188507080078
11783 0.18525123596191406
11783 0.6830692291259766
11783 0.40984153747558594
11783 0.6830692291259766
11765 1.5690326690673828
11765 0.659942626953125
11760 0.21600723266601562
11760 0.25010108947753906
11760 0.31876564025878906
11760 0.6899833679199219
11740 1.0139942169189453
11726 0.06389617919921875
11726 0.9641647338867188
11726 0.3058910369873047
11690 0.8749961853027344
11690 0.9908676147460938
11667 0.9820461273193359
11667 0.43702125549316406
11667 0.1010894775390625
11667 0.247955322265625
11667 0.1990795135498047
11667 0.5729198455810547
11667 0.6840229034423828
11667 0.5118846893310547
11651 0.2410411834716797
11651 0.1342296600341797
11644 1.1751651763916016
11644 1.0008811950683594
11644 1.0151863098144531
11631 0.7328987121582031
11631 1.4317035675048828
11617 1.1680126190185547
11600 1.489877700805664
11591 0.2980232238769531
11591 1.2359619140625
11577 1.2929439544677734
11576 0.22029876708984375
11534 0.21696090698242188
11534 1.6140937805175781
11534 0.6592273712158203
11515 1.039743423461914
11515 0.40340423583984375
11515 1.09100341796875
11515 0.8709430694580078
11515 1.4579296112060547
11512 0.48995018005371094
11512 0.8330345153808594
11512 0.5669593811035156
11512 1.2559890747070312
11512 0.7817745208740234
11512 1.2087821960449219
11502 0.5676746368408203
11502 0.3879070281982422
11502 0.8220672607421875
11491 0.5061626434326172
11491 0.9148120880126953
11491 0.804901123046875
11491 1.489877700805664
11458 0.30422210693359375
11458 0.5469322204589844
11457 0.9031295776367188
11443 0.030040740966796875
11443 1.377105712890625
11423 0.8718967437744141
11423 0.2982616424560547
11423 0.21195411682128906
11423 1.425027847290039
11415 0.5261898040771484
11415 0.0858306884765625
11415 1.2569427490234375
11412 1.3260841369628906
11412 1.2400150299072266
11412 0.39315223693847656
11406 1.3420581817626953
11376 1.5709400177001953
11376 0.5888938903808594
11376 0.9946823120117188
11376 0.8337497711181641
11376 0.17189979553222656
11376 1.4290809631347656
11376 1.329183578491211
11376 1.2810230255126953
11362 0.6780624389648438
11362 0.8690357208251953
11362 0.8790493011474609
11345 0.7312297821044922
11338 0.6799697875976562
11338 0.659942626953125
11325 0.6649494171142578
11325 1.5218257904052734
11319 0.4260540008544922
11319 1.4069080352783203
11319 0.8800029754638672
11298 0.7040500640869141
11298 0.020265579223632812
11298 1.5249252319335938
11285 1.2011528015136719
11285 1.3151168823242188
11285 0.3383159637451172
11285 1.1250972747802734
11285 1.641988754272461
11283 0.049114227294921875
11281 1.4579296112060547
11273 1.0099411010742188
11239 1.2221336364746094
11239 0.35190582275390625
11239 0.4928112030029297
11229 0.9858608245849609
11229 0.49185752868652344
11229 0.028848648071289062
11229 0.9458065032958984
11229 0.45108795166015625
11229 0.0820159912109375
11154 1.0161399841308594
11103 1.2769699096679688
11103 0.1621246337890625
11085 1.3430118560791016
11082 0.2760887145996094
11082 1.1129379272460938
11082 0.20623207092285156
11082 1.209259033203125
11072 0.6480216979980469
11064 1.4150142669677734
11047 0.24390220642089844
11047 1.135110855102539
11047 0.6039142608642578
11046 0.6639957427978516
11045 0.44918060302734375
11004 0.2512931823730469
11004 1.123189926147461
11004 0.08320808410644531
10990 0.3151893615722656
10990 0.8351802825927734
10990 2.007007598876953
10990 0.7290840148925781
10990 0.5168914794921875
10981 0.7228851318359375
10957 1.4469623565673828
10955 0.3211498260498047
10951 1.0578632354736328
10951 1.3179779052734375
10951 1.2030601501464844
10934 0.6089210510253906
10934 1.1420249938964844
10934 0.8709430694580078
10934 1.1408329010009766
10924 0.4811286926269531
10924 0.2338886260986328
10924 0.5211830139160156
10924 0.640869140625
10922 0.04100799560546875
10897 1.4629364013671875
10877 0.3590583801269531
10868 0.16689300537109375
10854 0.025987625122070312
10827 0.45180320739746094
10827 1.4178752899169922
10803 0.21576881408691406
10782 1.54876708984375
10782 0.02574920654296875
10782 0.6139278411865234
10782 0.1010894775390625
10782 0.45800209045410156
10782 0.6368160247802734
10782 0.9217262268066406
10782 0.4928112030029297
10782 0.9317398071289062
10782 1.4657974243164062
10764 0.926971435546875
10753 1.5380382537841797
10753 0.9820461273193359
10753 1.0747909545898438
