1044 0.6449222564697266
1044 0.050067901611328125
1019 0.11086463928222656
959 0.09679794311523438
959 0.00476837158203125
946 0.05793571472167969
937 0.09202957153320312
931 0.029087066650390625
931 0.032901763916015625
929 0.06508827209472656
929 0.06508827209472656
899 0.08106231689453125
899 0.014066696166992188
890 0.08487701416015625
890 0.06389617919921875
863 0.0209808349609375
863 0.06198883056640625
863 0.057220458984375
863 0.03886222839355469
843 0.035762786865234375
843 0.06103515625
843 0.015020370483398438
843 0.07390975952148438
843 0.07987022399902344
843 0.0629425048828125
824 0.031948089599609375
824 0.041961669921875
813 0.06580352783203125
751 0.09202957153320312
745 0.04315376281738281
745 0.07796287536621094
745 0.06699562072753906
745 0.05888938903808594
743 0.010967254638671875
743 0.030994415283203125
743 0.07510185241699219
743 0.01811981201171875
733 0.032901763916015625
733 0.0476837158203125
733 0.017881393432617188
700 0.011682510375976562
673 0.03409385681152344
673 0.010967254638671875
673 0.07700920104980469
664 0.03981590270996094
664 0.02574920654296875
664 0.0050067901611328125
664 0.02002716064453125
664 0.013113021850585938
660 0.09012222290039062
660 0.04792213439941406
660 0.008106231689453125
660 0.07915496826171875
654 0.08034706115722656
634 0.052928924560546875
634 0.05888938903808594
617 0.10609626770019531
592 0.06103515625
581 0.06508827209472656
578 0.07796287536621094
578 0.07915496826171875
578 0.09393692016601562
566 0.08177757263183594
548 0.08082389831542969
548 0.064849853515625
548 0.08916854858398438
548 0.06103515625
548 0.025033950805664062
548 0.06198883056640625
548 0.007867813110351562
548 0.0247955322265625
548 0.010967254638671875
548 0.010967254638671875
548 0.03886222839355469
541 0.09393692016601562
533 0.019073486328125
533 0.051021575927734375
527 0.047206878662109375
514 0.010967254638671875
514 0.019788742065429688
512 0.032901763916015625
512 0.0069141387939453125
512 0.04100799560546875
512 0.019311904907226562
512 0.04982948303222656
512 0.00476837158203125
512 0.08392333984375
512 0.051975250244140625
511 0.03504753112792969
510 0.02193450927734375
507 0.07700920104980469
506 0.05817413330078125
506 0.08106231689453125
506 0.03409385681152344
506 0.032901763916015625
506 0.09608268737792969
506 0.051021575927734375
506 0.04291534423828125
506 0.026941299438476562
497 0.030040740966796875
497 0.08606910705566406
497 0.07200241088867188
497 0.05078315734863281
497 0.013828277587890625
497 0.07200241088867188
497 0.08082389831542969
497 0.07677078247070312
497 0.030755996704101562
486 0.041961669921875
486 0.01621246337890625
486 0.009059906005859375
486 0.04100799560546875
486 0.019788742065429688
486 0.0858306884765625
486 0.06985664367675781
486 0.057697296142578125
486 0.033855438232421875
486 0.04410743713378906
486 0.0069141387939453125
486 0.07200241088867188
486 0.05412101745605469
486 0.05888938903808594
486 0.010967254638671875
486 0.04982948303222656
486 0.09584426879882812
482 0.06198883056640625
482 0.03314018249511719
482 0.0362396240234375
482 0.07104873657226562
477 0.052928924560546875
452 0.05984306335449219
452 0.008344650268554688
451 0.03409385681152344
451 0.04100799560546875
451 0.06890296936035156
451 0.06413459777832031
451 0.10228157043457031
451 0.09298324584960938
441 0.08702278137207031
436 0.07224082946777344
436 0.08392333984375
430 0.09799003601074219
430 0.010967254638671875
430 0.07987022399902344
430 0.10991096496582031
430 0.033855438232421875
428 0.06914138793945312
428 0.03814697265625
424 0.10013580322265625
423 0.07081031799316406
403 0.029087066650390625
403 0.05793571472167969
403 0.023126602172851562
403 0.025272369384765625
403 0.014066696166992188
390 0.07510185241699219
390 0.03933906555175781
389 0.07510185241699219
389 0.030040740966796875
388 0.05030632019042969
388 0.0591278076171875
388 0.10013580322265625
388 0.07295608520507812
388 0.0069141387939453125
388 0.011920928955078125
388 0.01811981201171875
386 0.02193450927734375
386 0.05602836608886719
386 0.04291534423828125
386 0.06198883056640625
385 0.041961669921875
384 0.054836273193359375
384 0.032901763916015625
384 0.018835067749023438
384 0.0171661376953125
384 0.024080276489257812
384 0.011920928955078125
384 0.08606910705566406
384 0.055789947509765625
384 0.0040531158447265625
384 0.011205673217773438
382 0.1888275146484375
382 0.10919570922851562
382 0.01811981201171875
379 0.05793571472167969
379 0.03409385681152344
379 0.015020370483398438
379 0.07104873657226562
379 0.02193450927734375
373 0.023126602172851562
373 0.10085105895996094
370 0.05793571472167969
370 0.023126602172851562
370 0.07915496826171875
370 0.04315376281738281
368 0.027894973754882812
368 0.051975250244140625
368 0.07224082946777344
368 0.0400543212890625
368 0.012159347534179688
362 0.06699562072753906
362 0.018835067749023438
357 0.06079673767089844
357 0.041961669921875
357 0.05984306335449219
357 0.03695487976074219
357 0.08988380432128906
357 0.09298324584960938
357 0.024080276489257812
357 0.06699562072753906
357 0.06222724914550781
357 0.06914138793945312
357 0.0209808349609375
357 0.055789947509765625
357 0.049114227294921875
357 0.11920928955078125
357 0.01621246337890625
357 0.04506111145019531
357 0.03314018249511719
354 0.057220458984375
354 0.09918212890625
354 0.010967254638671875
354 0.031948089599609375
354 0.010967254638671875
354 0.07581710815429688
354 0.048160552978515625
354 0.049114227294921875
351 0.09894371032714844
351 0.05125999450683594
351 0.08606910705566406
351 0.051975250244140625
351 0.09393692016601562
349 0.02002716064453125
349 0.07915496826171875
349 0.07605552673339844
349 0.015735626220703125
349 0.04291534423828125
349 0.0209808349609375
349 0.05817413330078125
349 0.1010894775390625
349 0.05078315734863281
349 0.04982948303222656
349 0.02574920654296875
349 0.0247955322265625
341 0.012159347534179688
341 0.03314018249511719
341 0.026941299438476562
329 0.03695487976074219
317 0.09799003601074219
317 0.010967254638671875
317 0.08082389831542969
317 0.051975250244140625
317 0.04410743713378906
317 0.0209808349609375
317 0.07081031799316406
317 0.08177757263183594
304 0.04792213439941406
304 0.04792213439941406
304 0.0438690185546875
304 0.10204315185546875
304 0.04410743713378906
304 0.006198883056640625
304 0.005245208740234375
304 0.013828277587890625
302 0.011920928955078125
302 0.027179718017578125
302 0.029802322387695312
294 0.03886222839355469
294 0.03504753112792969
294 0.06914138793945312
294 0.06604194641113281
294 0.09107589721679688
292 0.06389617919921875
292 0.030040740966796875
292 0.022649765014648438
292 0.03600120544433594
289 0.06318092346191406
289 0.0069141387939453125
289 0.015974044799804688
289 0.03314018249511719
289 0.06198883056640625
289 0.033855438232421875
289 0.09489059448242188
289 0.052928924560546875
289 0.06222724914550781
283 0.028848648071289062
277 0.04601478576660156
277 0.02002716064453125
277 0.03886222839355469
277 0.04887580871582031
275 0.027894973754882812
275 0.031948089599609375
275 0.041961669921875
275 0.07891654968261719
275 0.056743621826171875
275 0.06985664367675781
275 0.012159347534179688
272 0.09012222290039062
272 0.04506111145019531
272 0.050067901611328125
272 0.03910064697265625
272 0.0171661376953125
265 0.080108642578125
265 0.008821487426757812
265 0.07987022399902344
265 0.03886222839355469
263 0.05698204040527344
263 0.029087066650390625
263 0.09965896606445312
263 0.09179115295410156
263 0.026941299438476562
263 0.034809112548828125
262 0.09584426879882812
253 0.07581710815429688
253 0.03504753112792969
247 0.0438690185546875
247 0.054836273193359375
242 0.013113021850585938
242 0.027179718017578125
242 0.09226799011230469
242 0.011205673217773438
241 0.03981590270996094
241 0.04291534423828125
241 0.06794929504394531
241 0.0629425048828125
241 0.016927719116210938
241 0.08511543273925781
241 0.014066696166992188
241 0.041961669921875
241 0.013113021850585938
241 0.04315376281738281
241 0.027179718017578125
241 0.016927719116210938
241 0.05316734313964844
241 0.07104873657226562
241 0.013828277587890625
241 0.07772445678710938
241 0.11205673217773438
241 0.11801719665527344
241 0.06389617919921875
241 0.05125999450683594
241 0.08487701416015625
241 0.05412101745605469
241 0.09489059448242188
241 0.05507469177246094
241 0.04315376281738281
241 0.02193450927734375
241 0.06389617919921875
241 0.05698204040527344
241 0.04673004150390625
241 0.09703636169433594
241 0.06699562072753906
241 0.03695487976074219
241 0.026941299438476562
240 0.07796287536621094
240 0.028848648071289062
240 0.0040531158447265625
240 0.04696846008300781
240 0.03695487976074219
240 0.030994415283203125
240 0.04887580871582031
240 0.03910064697265625
240 0.03504753112792969
236 0.04482269287109375
236 0.019788742065429688
236 0.022172927856445312
236 0.028133392333984375
236 0.024080276489257812
236 0.05984306335449219
236 0.09989738464355469
236 0.06794929504394531
235 0.04887580871582031
235 0.02002716064453125
235 0.048160552978515625
235 0.09417533874511719
235 0.06198883056640625
235 0.08106231689453125
235 0.034809112548828125
235 0.0476837158203125
235 0.06890296936035156
233 0.017881393432617188
233 0.03600120544433594
233 0.04315376281738281
233 0.02384185791015625
233 0.027894973754882812
233 0.04792213439941406
233 0.03600120544433594
233 0.030994415283203125
233 0.03886222839355469
233 0.029087066650390625
233 0.02193450927734375
233 0.008106231689453125
233 0.007152557373046875
233 0.07915496826171875
233 0.032901763916015625
233 0.03218650817871094
233 0.09989738464355469
233 0.00476837158203125
233 0.09989738464355469
233 0.09584426879882812
233 0.013828277587890625
227 0.06699562072753906
227 0.006198883056640625
222 0.05793571472167969
222 0.016927719116210938
222 0.024080276489257812
222 0.0069141387939453125
218 0.033855438232421875
218 0.06508827209472656
218 0.09822845458984375
216 0.07510185241699219
216 0.04601478576660156
213 0.07295608520507812
213 0.09274482727050781
213 0.06818771362304688
213 0.017881393432617188
213 0.009775161743164062
213 0.08988380432128906
213 0.010013580322265625
213 0.10514259338378906
213 0.0591278076171875
213 0.07700920104980469
213 0.10132789611816406
213 0.0209808349609375
213 0.024080276489257812
213 0.0209808349609375
213 0.07295608520507812
213 0.1049041748046875
213 0.031948089599609375
206 0.06508827209472656
206 0.01811981201171875
199 0.05698204040527344
199 0.05793571472167969
199 0.0069141387939453125
199 0.05602836608886719
199 0.06723403930664062
199 0.09608268737792969
199 0.028848648071289062
199 0.08988380432128906
197 0.06985664367675781
196 0.024080276489257812
196 0.028848648071289062
196 0.0209808349609375
196 0.035762786865234375
196 0.03790855407714844
196 0.0050067901611328125
196 0.02574920654296875
196 0.03314018249511719
196 0.030994415283203125
196 0.08511543273925781
196 0.03600120544433594
196 0.09918212890625
196 0.052928924560546875
194 0.064849853515625
194 0.07009506225585938
194 0.02288818359375
194 0.04100799560546875
194 0.015020370483398438
194 0.049114227294921875
194 0.052928924560546875
194 0.05078315734863281
194 0.06771087646484375
194 0.07390975952148438
194 0.07128715515136719
194 0.09918212890625
194 0.07891654968261719
194 0.027894973754882812
194 0.00476837158203125
194 0.05984306335449219
194 0.07510185241699219
194 0.025033950805664062
194 0.049114227294921875
194 0.019311904907226562
194 0.051021575927734375
194 0.0629425048828125
194 0.06103515625
194 0.0069141387939453125
194 0.009775161743164062
194 0.08487701416015625
194 0.04887580871582031
194 0.06985664367675781
194 0.025987625122070312
194 0.010013580322265625
194 0.09894371032714844
194 0.09822845458984375
194 0.05602836608886719
194 0.022172927856445312
194 0.0069141387939453125
194 0.09512901306152344
192 0.05412101745605469
192 0.04792213439941406
192 0.0069141387939453125
192 0.0069141387939453125
192 0.0457763671875
192 0.03814697265625
192 0.06079673767089844
192 0.012874603271484375
192 0.0040531158447265625
192 0.0069141387939453125
192 0.010013580322265625
192 0.09131431579589844
192 0.023126602172851562
192 0.02574920654296875
192 0.06008148193359375
192 0.04696846008300781
192 0.012159347534179688
192 0.03600120544433594
192 0.09393692016601562
192 0.005245208740234375
192 0.07605552673339844
192 0.03409385681152344
191 0.08487701416015625
191 0.064849853515625
191 0.03814697265625
191 0.05817413330078125
191 0.06318092346191406
191 0.0629425048828125
191 0.07891654968261719
191 0.013828277587890625
191 0.04601478576660156
191 0.025033950805664062
191 0.09298324584960938
191 0.03314018249511719
191 0.08392333984375
191 0.06413459777832031
191 0.010013580322265625
191 0.04887580871582031
191 0.08797645568847656
191 0.08893013000488281
182 0.01811981201171875
182 0.0858306884765625
182 0.051975250244140625
182 0.022172927856445312
182 0.030279159545898438
182 0.08082389831542969
182 0.07200241088867188
182 0.10180473327636719
182 0.016927719116210938
182 0.07510185241699219
182 0.08797645568847656
181 0.07581710815429688
181 0.02002716064453125
181 0.03600120544433594
181 0.024080276489257812
181 0.03314018249511719
181 0.09894371032714844
181 0.09083747863769531
181 0.08511543273925781
181 0.08678436279296875
181 0.0152587890625
181 0.017881393432617188
181 0.052928924560546875
181 0.0050067901611328125
173 0.10395050048828125
173 0.09989738464355469
173 0.027894973754882812
173 0.09584426879882812
173 0.09489059448242188
173 0.031948089599609375
173 0.04410743713378906
173 0.08416175842285156
173 0.030279159545898438
173 0.0362396240234375
173 0.01811981201171875
173 0.07700920104980469
173 0.034809112548828125
173 0.057220458984375
173 0.09274482727050781
173 0.05888938903808594
173 0.03790855407714844
173 0.08916854858398438
173 0.06103515625
173 0.09703636169433594
173 0.0069141387939453125
173 0.0069141387939453125
173 0.07772445678710938
173 0.09989738464355469
173 0.08916854858398438
172 0.04506111145019531
171 0.031948089599609375
171 0.06914138793945312
171 0.05793571472167969
171 0.014066696166992188
171 0.03695487976074219
171 0.04792213439941406
171 0.05602836608886719
171 0.04291534423828125
171 0.0457763671875
171 0.058650970458984375
171 0.023126602172851562
171 0.049114227294921875
171 0.09799003601074219
171 0.036716461181640625
171 0.07605552673339844
171 0.026226043701171875
171 0.0040531158447265625
171 0.010967254638671875
171 0.08392333984375
171 0.015020370483398438
170 0.014781951904296875
170 0.08487701416015625
170 0.0069141387939453125
170 0.06175041198730469
170 0.05507469177246094
170 0.0247955322265625
170 0.02002716064453125
170 0.054836273193359375
170 0.0209808349609375
170 0.0782012939453125
167 0.0247955322265625
165 0.010967254638671875
165 0.055789947509765625
165 0.06985664367675781
165 0.003814697265625
165 0.1049041748046875
165 0.10204315185546875
165 0.06413459777832031
163 0.0400543212890625
163 0.030994415283203125
163 0.013113021850585938
163 0.041961669921875
163 0.08702278137207031
163 0.10395050048828125
163 0.008106231689453125
163 0.0069141387939453125
163 0.016927719116210938
161 0.012159347534179688
161 0.010013580322265625
161 0.03409385681152344
161 0.006198883056640625
161 0.05125999450683594
161 0.1010894775390625
161 0.07605552673339844
161 0.09202957153320312
161 0.031948089599609375
161 0.07176399230957031
161 0.0438690185546875
143 0.09918212890625
143 0.08678436279296875
143 0.051975250244140625
143 0.05793571472167969
143 0.016927719116210938
143 0.010967254638671875
143 0.029087066650390625
143 0.06794929504394531
143 0.025987625122070312
142 0.0591278076171875
142 0.015020370483398438
141 0.06198883056640625
141 0.07224082946777344
141 0.08606910705566406
141 0.014781951904296875
141 0.047206878662109375
141 0.03409385681152344
141 0.055789947509765625
141 0.05984306335449219
141 0.003814697265625
141 0.0476837158203125
141 0.014066696166992188
141 0.006198883056640625
141 0.06604194641113281
141 0.06771087646484375
141 0.10800361633300781
141 0.09107589721679688
141 0.09012222290039062
141 0.05125999450683594
141 0.09608268737792969
141 0.015020370483398438
141 0.014066696166992188
141 0.06008148193359375
141 0.04601478576660156
141 0.09679794311523438
139 0.04982948303222656
139 0.08988380432128906
139 0.10180473327636719
139 0.09393692016601562
139 0.03266334533691406
139 0.024080276489257812
139 0.09512901306152344
136 0.08296966552734375
136 0.06604194641113281
136 0.034809112548828125
136 0.0209808349609375
136 0.03886222839355469
130 0.11110305786132812
130 0.0457763671875
130 0.029802322387695312
130 0.01811981201171875
130 0.06699562072753906
130 0.03886222839355469
130 0.015974044799804688
130 0.034809112548828125
130 0.08797645568847656
130 0.08296966552734375
130 0.0629425048828125
130 0.08106231689453125
130 0.06413459777832031
130 0.08511543273925781
130 0.028133392333984375
130 0.07700920104980469
130 0.010013580322265625
130 0.09131431579589844
130 0.03170967102050781
130 0.0362396240234375
130 0.09393692016601562
130 0.09179115295410156
130 0.053882598876953125
130 0.08702278137207031
130 0.05698204040527344
130 0.10180473327636719
130 0.030994415283203125
130 0.08606910705566406
130 0.02193450927734375
130 0.04673004150390625
130 0.04482269287109375
130 0.09012222290039062
130 0.03409385681152344
130 0.06318092346191406
130 0.07390975952148438
130 0.04887580871582031
130 0.08702278137207031
128 0.08177757263183594
128 0.013828277587890625
128 0.0629425048828125
128 0.1220703125
128 0.07987022399902344
128 0.11706352233886719
128 0.03886222839355469
128 0.07605552673339844
128 0.1468658447265625
128 0.1819133758544922
128 0.09179115295410156
128 0.030279159545898438
128 0.050067901611328125
128 0.08487701416015625
128 0.008106231689453125
128 0.11229515075683594
128 0.0820159912109375
128 0.12493133544921875
128 0.053882598876953125
128 0.012159347534179688
128 0.030994415283203125
128 0.047206878662109375
128 0.05412101745605469
128 0.12373924255371094
128 0.019073486328125
128 0.11110305786132812
128 0.04029273986816406
128 0.07510185241699219
128 0.012159347534179688
128 0.10395050048828125
128 0.03409385681152344
128 0.03886222839355469
128 0.015974044799804688
127 0.07295608520507812
127 0.08511543273925781
127 0.10919570922851562
127 0.07295608520507812
127 0.0629425048828125
127 0.09012222290039062
127 0.006198883056640625
127 0.06818771362304688
127 0.0438690185546875
127 0.11801719665527344
127 0.10991096496582031
127 0.052928924560546875
127 0.13899803161621094
127 0.16927719116210938
127 0.017881393432617188
127 0.08797645568847656
127 0.052928924560546875
127 0.05459785461425781
127 0.027179718017578125
127 0.064849853515625
127 0.04482269287109375
127 0.12493133544921875
127 0.05078315734863281
127 0.07104873657226562
127 0.0438690185546875
127 0.06389617919921875
127 0.06389617919921875
127 0.05078315734863281
127 0.06222724914550781
127 0.09703636169433594
127 0.051975250244140625
127 0.051021575927734375
127 0.025987625122070312
127 0.017881393432617188
127 0.004291534423828125
127 0.09703636169433594
127 0.08416175842285156
127 0.10800361633300781
127 0.018835067749023438
127 0.05340576171875
127 0.102996826171875
127 0.08511543273925781
127 0.06604194641113281
127 0.10085105895996094
127 0.09393692016601562
127 0.03218650817871094
127 0.09703636169433594
127 0.08273124694824219
127 0.025033950805664062
127 0.018358230590820312
127 0.04506111145019531
127 0.051975250244140625
127 0.007152557373046875
127 0.030994415283203125
126 0.06914138793945312
126 0.09703636169433594
126 0.07462501525878906
126 0.09799003601074219
126 0.01811981201171875
126 0.06723403930664062
126 0.10013580322265625
126 0.08296966552734375
126 0.030279159545898438
126 0.07510185241699219
126 0.08416175842285156
126 0.05507469177246094
126 0.07510185241699219
126 0.05316734313964844
126 0.07200241088867188
126 0.10085105895996094
126 0.09179115295410156
126 0.016927719116210938
126 0.013828277587890625
126 0.10609626770019531
126 0.07414817810058594
126 0.02002716064453125
126 0.03981590270996094
126 0.024080276489257812
126 0.013589859008789062
126 0.06985664367675781
126 0.0040531158447265625
126 0.09179115295410156
126 0.05602836608886719
126 0.027179718017578125
126 0.03933906555175781
126 0.08606910705566406
126 0.06771087646484375
125 0.10180473327636719
125 0.08606910705566406
123 0.09298324584960938
123 0.051021575927734375
123 0.019311904907226562
123 0.080108642578125
123 0.04982948303222656
123 0.09298324584960938
123 0.030040740966796875
123 0.07009506225585938
123 0.06198883056640625
123 0.04410743713378906
121 0.10919570922851562
121 0.06580352783203125
121 0.05507469177246094
121 0.0629425048828125
121 0.010967254638671875
121 0.030040740966796875
121 0.008821487426757812
121 0.011205673217773438
121 0.010967254638671875
121 0.041961669921875
121 0.015735626220703125
121 0.03886222839355469
121 0.06794929504394531
121 0.015735626220703125
121 0.035762786865234375
121 0.049114227294921875
121 0.0629425048828125
121 0.07104873657226562
121 0.029325485229492188
121 0.07104873657226562
121 0.010013580322265625
121 0.08487701416015625
119 0.03814697265625
119 0.051975250244140625
119 0.0209808349609375
119 0.06198883056640625
118 0.03314018249511719
118 0.030994415283203125
117 0.07295608520507812
117 0.046253204345703125
117 0.012159347534179688
117 0.04792213439941406
117 0.055789947509765625
117 0.014781951904296875
117 0.04982948303222656
117 0.03886222839355469
117 0.012874603271484375
117 0.022172927856445312
117 0.09989738464355469
117 0.07510185241699219
117 0.0362396240234375
117 0.06008148193359375
117 0.06222724914550781
117 0.04220008850097656
117 0.07891654968261719
117 0.09799003601074219
117 0.08392333984375
117 0.06914138793945312
117 0.02384185791015625
117 0.007152557373046875
117 0.049114227294921875
117 0.09107589721679688
117 0.06914138793945312
117 0.015020370483398438
117 0.08702278137207031
117 0.013828277587890625
117 0.051021575927734375
117 0.04887580871582031
117 0.08082389831542969
117 0.01811981201171875
117 0.003814697265625
117 0.11897087097167969
116 0.04410743713378906
116 0.035762786865234375
116 0.06604194641113281
116 0.08225440979003906
116 0.08726119995117188
116 0.06699562072753906
116 0.0858306884765625
116 0.07915496826171875
116 0.01811981201171875
116 0.027179718017578125
116 0.0209808349609375
116 0.030994415283203125
116 0.08511543273925781
116 0.07414817810058594
116 0.0438690185546875
116 0.011920928955078125
116 0.09417533874511719
116 0.015974044799804688
116 0.07081031799316406
116 0.04506111145019531
116 0.06508827209472656
116 0.030994415283203125
116 0.03910064697265625
116 0.05412101745605469
116 0.030994415283203125
116 0.011920928955078125
116 0.04673004150390625
116 0.035762786865234375
116 0.06198883056640625
116 0.02574920654296875
116 0.07295608520507812
116 0.087738037109375
116 0.041961669921875
116 0.06127357482910156
116 0.09131431579589844
114 0.05817413330078125
114 0.0152587890625
114 0.009298324584960938
114 0.06198883056640625
114 0.0059604644775390625
114 0.08296966552734375
114 0.02002716064453125
114 0.0820159912109375
113 0.03504753112792969
113 0.0591278076171875
113 0.07319450378417969
113 0.030040740966796875
113 0.08511543273925781
113 0.07390975952148438
113 0.05602836608886719
113 0.030279159545898438
113 0.11205673217773438
113 0.04220008850097656
113 0.03886222839355469
113 0.030994415283203125
113 0.054836273193359375
113 0.16188621520996094
113 0.064849853515625
113 0.13589859008789062
113 0.023126602172851562
113 0.0400543212890625
113 0.15425682067871094
113 0.08082389831542969
113 0.02193450927734375
113 0.1518726348876953
113 0.013113021850585938
113 0.030040740966796875
113 0.16999244689941406
113 0.10418891906738281
113 0.05507469177246094
113 0.07390975952148438
113 0.10800361633300781
113 0.007152557373046875
113 0.09179115295410156
113 0.0629425048828125
113 0.07510185241699219
113 0.06198883056640625
113 0.030279159545898438
113 0.0400543212890625
113 0.06914138793945312
113 0.09608268737792969
113 0.13017654418945312
113 0.034809112548828125
113 0.10442733764648438
113 0.015735626220703125
113 0.06985664367675781
