298644 559.777021408081
298624 14.042854309082031
298605 30.76910972595215
298576 20.40696144104004
298576 25.794029235839844
298556 23.648977279663086
298498 23.65899085998535
298498 30.910968780517578
298498 22.91083335876465
298485 24.792909622192383
298462 28.078079223632812
298448 6.119966506958008
298448 19.2110538482666
298445 16.43204689025879
298442 21.091222763061523
298436 23.587942123413086
298436 29.530048370361328
298428 25.49004554748535
298428 0.41794776916503906
298420 5.415916442871094
298420 6.654977798461914
298399 28.58901023864746
298399 23.680686950683594
298395 7.131814956665039
298395 10.808944702148438
298373 25.681018829345703
298368 8.511781692504883
298368 10.349035263061523
298359 17.914295196533203
298350 7.463932037353516
298350 25.77686309814453
298350 18.582820892333984
298339 25.73227882385254
298333 21.114826202392578
298333 6.063938140869141
298298 10.501861572265625
298281 4.225015640258789
298265 9.16600227355957
298246 6.763935089111328
298229 18.344879150390625
298208 6.70313835144043
298189 5.620241165161133
298174 17.268896102905273
298166 25.36487579345703
298166 14.30201530456543
298165 16.102075576782227
298165 14.025211334228516
298162 28.65886688232422
298154 4.29224967956543
298154 30.974388122558594
298134 28.0301570892334
298096 7.869958877563477
298096 22.642850875854492
298085 24.684906005859375
298021 3.5741329193115234
297978 16.481876373291016
297978 1.8639564514160156
297977 25.124073028564453
297977 24.194002151489258
297977 30.014991760253906
297925 18.23115348815918
297919 17.237186431884766
297919 27.998924255371094
297912 26.243925094604492
297912 23.65899085998535
297912 0.14400482177734375
297912 13.569116592407227
297912 28.602123260498047
297885 9.786844253540039
297885 6.125926971435547
297885 3.938913345336914
297885 7.996797561645508
297848 9.688138961791992
297848 19.650697708129883
297845 9.293079376220703
297845 4.640102386474609
297806 10.95128059387207
297754 20.559072494506836
297754 8.251190185546875
297754 2.7251243591308594
297700 13.399839401245117
297700 19.989967346191406
297691 6.448030471801758
297637 22.639036178588867
297614 5.759000778198242
297603 11.601924896240234
297594 17.292022705078125
297593 12.130022048950195
297593 2.2788047790527344
297584 28.831005096435547
297580 1.8091201782226562
297580 27.740955352783203
297580 9.725093841552734
297580 16.023635864257812
297567 0.1518726348876953
297567 6.1740875244140625
297567 19.196748733520508
297566 25.268077850341797
297566 10.359048843383789
297488 4.548072814941406
297488 14.639139175415039
297465 6.428003311157227
297446 14.34183120727539
297441 23.109912872314453
297441 19.784212112426758
297436 19.757747650146484
297435 19.631147384643555
297390 23.47707748413086
297390 28.22089195251465
297363 0.9286403656005859
297335 23.54884147644043
297319 1.0459423065185547
297312 28.296232223510742
297234 14.22882080078125
297229 13.344049453735352
297164 11.95216178894043
297164 4.148006439208984
297144 21.459102630615234
297137 16.21723175048828
297137 14.747858047485352
297131 20.396709442138672
297131 24.24907684326172
297131 23.2541561126709
297129 10.064840316772461
297117 29.578208923339844
297117 23.362159729003906
297115 13.189077377319336
297115 22.79496192932129
297115 9.189128875732422
297115 19.487857818603516
297042 19.954919815063477
297024 29.059171676635742
297024 28.706073760986328
297024 6.162881851196289
297024 15.115022659301758
296995 15.913963317871094
296995 16.340255737304688
296991 7.034778594970703
296991 12.865066528320312
296948 16.434192657470703
296948 22.711992263793945
296948 20.318984985351562
296917 28.718948364257812
296915 15.61880111694336
296915 4.101753234863281
296885 27.61387825012207
296885 22.327184677124023
296885 13.948202133178711
296872 13.628005981445312
296872 18.11695098876953
296806 1.2936592102050781
296749 11.059045791625977
296749 5.8650970458984375
296727 21.088123321533203
296710 11.645078659057617
296710 22.51911163330078
296710 27.100801467895508
296627 19.298791885375977
296622 2.3119449615478516
296622 2.935171127319336
296610 28.502941131591797
296555 14.084100723266602
296555 27.406930923461914
296553 11.135101318359375
296538 19.984722137451172
296518 24.265289306640625
296506 0.9870529174804688
296470 6.348133087158203
296458 12.464284896850586
296452 29.16407585144043
296414 20.715951919555664
296414 6.757974624633789
296414 22.33409881591797
296414 22.68695831298828
296393 10.603904724121094
296393 23.898839950561523
296393 10.519742965698242
296393 22.794008255004883
296392 25.981903076171875
296389 22.458791732788086
296382 28.949975967407227
296382 11.239051818847656
296377 11.146068572998047
296377 2.802133560180664
296353 25.088071823120117
296353 22.30095863342285
296353 10.977029800415039
296353 5.409955978393555
296353 17.771005630493164
296315 16.909122467041016
296308 8.181095123291016
296308 24.00827407836914
296295 8.070945739746094
296282 11.23189926147461
296282 28.080224990844727
296282 15.819072723388672
296272 18.803119659423828
296272 3.1850337982177734
296264 30.87592124938965
296245 3.0579566955566406
296245 27.901887893676758
296245 12.652873992919922
296238 2.6760101318359375
296226 5.629777908325195
296226 27.765989303588867
296142 31.852245330810547
296142 12.786388397216797
296103 0.8051395416259766
296073 4.695892333984375
296073 23.89693260192871
296073 23.50306510925293
296073 9.46187973022461
296062 19.99688148498535
296062 19.939184188842773
296031 11.975288391113281
296019 26.48305892944336
295998 34.20209884643555
295998 5.288124084472656
295942 19.23680305480957
295942 20.579099655151367
295937 24.253129959106445
295925 19.194841384887695
295873 5.70988655090332
295873 5.570888519287109
295786 21.005630493164062
295786 19.5157527923584
295786 22.68838882446289
295781 21.989107131958008
295730 6.175041198730469
295730 5.203008651733398
295730 9.178876876831055
295730 4.2781829833984375
295730 11.085033416748047
295719 15.603065490722656
295706 10.727882385253906
295706 14.677047729492188
295700 7.84611701965332
295700 12.395858764648438
295700 26.64017677307129
295700 13.426780700683594
295700 28.167009353637695
295681 7.164239883422852
295675 15.149116516113281
295675 27.179956436157227
295664 19.840002059936523
295635 5.179166793823242
295635 8.125066757202148
295626 19.504785537719727
295610 16.755104064941406
295586 0.5369186401367188
295581 12.788057327270508
295557 8.483171463012695
295546 0.8692741394042969
295546 21.532058715820312
295546 25.801897048950195
295527 16.16215705871582
295522 14.763116836547852
295492 16.15595817565918
295489 30.738115310668945
295477 28.607845306396484
295447 20.32184600830078
295406 14.529943466186523
295406 4.726886749267578
295395 9.472131729125977
295388 11.90805435180664
295377 3.1168460845947266
295357 13.348102569580078
295338 15.984773635864258
295301 27.889013290405273
295292 10.138750076293945
295292 14.04118537902832
295292 26.875019073486328
295292 5.769014358520508
295222 13.869047164916992
295222 22.235870361328125
295222 7.894992828369141
295136 12.984991073608398
295101 2.454996109008789
295101 10.987043380737305
295084 11.244773864746094
295084 4.977941513061523
295084 28.092145919799805
295064 3.6318302154541016
295064 9.46497917175293
295064 13.663053512573242
295064 7.92694091796875
295021 2.377033233642578
294994 13.859987258911133
294978 0.09512901306152344
294967 11.889934539794922
294929 7.586002349853516
294920 4.67991828918457
294920 25.80094337463379
294920 28.208017349243164
294904 17.56906509399414
294904 10.887861251831055
294904 17.269134521484375
294904 27.18806266784668
294884 30.755043029785156
294884 8.825063705444336
294884 6.479740142822266
294875 6.931781768798828
294875 4.313230514526367
294864 16.451120376586914
294864 14.428138732910156
294864 27.529239654541016
294846 17.972946166992188
294778 24.464130401611328
294778 36.08083724975586
294778 5.45811653137207
294727 3.749847412109375
294683 26.83401107788086
294667 22.502899169921875
294630 13.123035430908203
294590 13.677835464477539
294590 29.28614616394043
294554 18.772125244140625
294532 11.20615005493164
294511 10.608911514282227
294511 6.180763244628906
294511 0.5891323089599609
294511 26.21603012084961
294500 18.785953521728516
294489 20.260095596313477
294489 18.13507080078125
294489 7.172107696533203
294479 31.3417911529541
294474 16.838788986206055
294456 8.30388069152832
294456 32.52911567687988
294423 20.849227905273438
294418 23.1170654296875
294397 10.250091552734375
294397 1.4331340789794922
294397 10.834932327270508
294397 0.03790855407714844
294397 26.012897491455078
294397 25.079011917114258
294372 10.44917106628418
294357 25.450944900512695
294357 12.305974960327148
294347 15.381097793579102
294347 31.31866455078125
294347 3.4449100494384766
294306 20.750999450683594
294290 31.618833541870117
294281 7.2040557861328125
294268 25.26998519897461
294268 30.28392791748047
294268 9.567975997924805
294230 25.578022003173828
294230 6.594181060791016
294219 7.493257522583008
294166 0.08392333984375
294155 5.045175552368164
294145 12.937068939208984
294111 26.897907257080078
294111 27.621984481811523
294042 12.866020202636719
294042 7.608890533447266
294042 18.36085319519043
294042 21.593809127807617
294033 7.967233657836914
294033 18.492937088012695
293949 0.2288818359375
293899 2.977132797241211
293899 28.928041458129883
293899 10.333061218261719
293852 18.512725830078125
293837 8.550167083740234
293837 26.024818420410156
293837 23.323774337768555
293793 24.570941925048828
293793 28.492212295532227
293793 11.481046676635742
293793 20.573854446411133
293793 27.28104591369629
293788 0.9469985961914062
293788 18.989086151123047
293788 13.22317123413086
293788 29.198646545410156
293750 21.82912826538086
293702 9.444952011108398
293661 32.25302696228027
293657 11.498212814331055
293598 27.68707275390625
293593 32.31692314147949
293559 24.561166763305664
293539 34.6369743347168
293539 23.96416664123535
293539 7.2460174560546875
293502 7.035017013549805
293478 17.8830623626709
293478 5.910158157348633
293478 2.9380321502685547
293478 1.3308525085449219
293474 20.051002502441406
293464 18.090009689331055
293458 5.63502311706543
293440 9.122848510742188
293440 19.4549560546875
293434 1.9049644470214844
293423 16.061782836914062
293423 21.9419002532959
293423 10.478973388671875
293409 11.106014251708984
293409 30.989885330200195
293409 20.76125144958496
293409 32.97901153564453
293390 24.69038963317871
293390 30.466079711914062
293383 1.8682479858398438
293341 3.673076629638672
293341 23.046255111694336
293338 33.36811065673828
293325 30.328035354614258
293319 24.91617202758789
293304 4.182100296020508
293289 34.15822982788086
293285 22.40610122680664
293278 16.63994789123535
293278 4.669189453125
293278 27.70090103149414
293270 4.620075225830078
293257 27.8470516204834
293237 25.054931640625
293237 30.837059020996094
293210 24.34682846069336
293195 24.975061416625977
293195 20.154237747192383
293195 8.526086807250977
293189 30.75385093688965
293189 12.752771377563477
293189 21.750211715698242
293189 34.16109085083008
293112 16.4186954498291
293085 29.270172119140625
293085 8.620023727416992
293075 28.679847717285156
293045 11.239290237426758
293045 4.012107849121094
292994 6.119966506958008
292992 27.47201919555664
292992 33.11729431152344
292942 10.84589958190918
292942 24.059057235717773
292942 7.378816604614258
292930 5.789041519165039
292930 12.867927551269531
292900 30.688047409057617
292827 28.92613410949707
292827 31.419754028320312
292827 14.654874801635742
292796 0.2799034118652344
292709 9.322166442871094
292709 13.875961303710938
292709 26.060104370117188
292699 28.09882164001465
292678 13.785123825073242
292673 7.111072540283203
292627 28.486013412475586
292619 27.495145797729492
292617 1.4851093292236328
292617 27.6339054107666
292607 6.28209114074707
292607 17.459869384765625
292549 0.7100105285644531
292522 24.931907653808594
292522 7.695198059082031
292462 29.33192253112793
292419 17.0137882232666
292419 10.434865951538086
292412 18.64027976989746
292412 9.691715240478516
292408 4.91786003112793
292408 4.125833511352539
292387 27.04000473022461
292387 25.289297103881836
292363 15.802860260009766
292363 0.051975250244140625
292363 6.323814392089844
292331 27.428865432739258
292331 20.33686637878418
292331 29.345989227294922
292311 13.95106315612793
292305 6.000995635986328
292305 44.85201835632324
292305 23.15807342529297
292299 2.6471614837646484
292270 26.533126831054688
292248 30.028104782104492
292248 0.9708404541015625
292248 8.664846420288086
292227 14.439821243286133
292227 27.28867530822754
292219 7.6122283935546875
292198 16.03102684020996
292102 12.909173965454102
292102 9.831905364990234
292102 0.3628730773925781
292102 0.843048095703125
292102 13.700008392333984
292097 25.918960571289062
292097 13.727903366088867
292079 23.081064224243164
292079 19.12999153137207
292079 24.708986282348633
292055 2.154111862182617
292055 7.619142532348633
292035 21.218061447143555
292023 24.219989776611328
292023 26.51524543762207
292017 18.600940704345703
292000 1.6090869903564453
292000 18.917322158813477
292000 2.5069713592529297
292000 30.018091201782227
292000 5.872964859008789
292000 24.375200271606445
291994 2.759218215942383
291994 29.636859893798828
291994 1.7480850219726562
291991 18.347978591918945
291991 25.728940963745117
291966 30.818939208984375
291953 28.85603904724121
291953 15.578269958496094
291936 25.284767150878906
291933 2.4340152740478516
291933 5.033969879150391
291870 15.755891799926758
291870 22.693157196044922
291858 16.62898063659668
291858 25.89130401611328
291858 27.227163314819336
291858 1.2209415435791016
291858 0.7958412170410156
291801 8.275985717773438
291801 33.785104751586914
291788 8.856058120727539
291761 36.31901741027832
291760 0.3342628479003906
291760 37.63294219970703
291760 13.257980346679688
291760 2.238035202026367
291754 25.02298355102539
291754 1.6560554504394531
291718 1.7118453979492188
291711 23.520946502685547
291704 3.103971481323242
291704 33.85782241821289
291704 3.756999969482422
291704 3.129243850708008
291692 34.1489315032959
291643 14.060735702514648
291640 12.042999267578125
291640 5.320072174072266
291640 21.947145462036133
291640 25.159835815429688
291633 14.876365661621094
291633 13.757944107055664
291607 18.205881118774414
291589 19.608259201049805
291589 24.570941925048828
291589 8.366107940673828
291589 26.78513526916504
291588 15.160799026489258
291565 17.155885696411133
291514 20.42698860168457
291512 30.72071075439453
291494 10.942220687866211
291482 7.622957229614258
291476 21.54684066772461
291476 27.278900146484375
291459 23.767948150634766
291459 6.946802139282227
291459 3.8459300994873047
291445 8.79812240600586
291445 26.423215866088867
291445 32.096147537231445
291445 20.591020584106445
291429 0.07700920104980469
291429 5.141973495483398
291429 8.224010467529297
291429 20.249128341674805
291429 36.035776138305664
291429 6.846904754638672
291429 3.9479732513427734
291429 4.966259002685547
291429 6.133079528808594
291427 29.336929321289062
291411 13.979196548461914
291411 19.48857307434082
291392 23.24509620666504
291337 2.445697784423828
291333 12.098073959350586
291321 33.104896545410156
291320 15.591859817504883
291320 14.72926139831543
291313 6.682157516479492
291313 35.4769229888916
291313 21.31509780883789
291305 33.045053482055664
291244 6.7348480224609375
291244 5.141019821166992
291237 13.196945190429688
291227 21.950960159301758
291227 17.70329475402832
291184 19.14381980895996
291158 27.40764617919922
291142 33.514976501464844
291142 7.340908050537109
291142 6.599903106689453
291132 13.303995132446289
291132 9.016990661621094
291132 23.11110496520996
291123 32.32002258300781
291063 4.558801651000977
291040 30.00617027282715
291040 25.101184844970703
291040 7.369041442871094
291040 9.422063827514648
291022 23.273944854736328
290992 24.117708206176758
290992 11.344194412231445
290992 17.649173736572266
290992 16.75105094909668
290989 36.93699836730957
290974 3.3500194549560547
290974 22.429943084716797
290962 10.444879531860352
290950 33.6301326751709
290950 3.1197071075439453
290948 4.174232482910156
290948 26.758909225463867
290948 9.881973266601562
290948 23.977994918823242
290948 36.99994087219238
290948 0.04506111145019531
290948 4.863977432250977
290907 19.642114639282227
290894 34.3632698059082
290894 16.675949096679688
290891 7.756233215332031
290840 25.628089904785156
290840 2.794027328491211
290838 20.655155181884766
290838 2.010822296142578
290838 34.00611877441406
290805 13.206005096435547
290780 16.33620262145996
290780 5.331993103027344
290780 29.742956161499023
290780 29.478788375854492
290780 11.538982391357422
290780 20.8740234375
290766 23.756027221679688
290762 21.88277244567871
290710 0.8046627044677734
290701 25.410175323486328
290701 35.30597686767578
290698 31.409025192260742
290651 31.780719757080078
290651 1.5711784362792969
290643 21.251678466796875
290643 34.03210639953613
290643 5.923032760620117
290624 23.025035858154297
290624 20.540952682495117
290624 12.074947357177734
290571 7.877111434936523
290558 2.5620460510253906
290558 19.891977310180664
290558 17.056941986083984
290558 23.882150650024414
290558 21.517038345336914
290497 20.268678665161133
290485 26.33810043334961
290473 6.268978118896484
290467 17.529964447021484
290467 3.846883773803711
290442 3.259897232055664
290439 29.885292053222656
290431 48.14004898071289
290424 53.75504493713379
290424 41.55707359313965
290401 11.799097061157227
290393 8.092880249023438
290390 9.79471206665039
290349 28.460979461669922
290316 0.14400482177734375
290316 0.09799003601074219
290316 15.438079833984375
290240 36.457061767578125
290237 0.26869773864746094
290176 16.2811279296875
290162 24.61695671081543
290152 22.36199378967285
290147 5.982875823974609
290120 19.72508430480957
290120 14.369726181030273
290111 7.7362060546875
290079 29.154062271118164
290079 13.412714004516602
290066 20.84803581237793
290055 2.0380020141601562
290055 17.015933990478516
290055 20.099878311157227
290055 6.648778915405273
290055 26.69811248779297
290055 19.75703239440918
290055 10.484933853149414
290035 7.943868637084961
289989 25.938987731933594
289989 32.624244689941406
289989 13.150930404663086
289989 1.811981201171875
289988 12.704133987426758
289988 0.6082057952880859
289967 6.737232208251953
289945 23.895978927612305
289935 0.9200572967529297
289906 14.435052871704102
289859 12.67099380493164
289859 14.006853103637695
289853 0.6990432739257812
289853 4.838228225708008
289853 11.394023895263672
289834 26.189088821411133
289834 17.2731876373291
289834 7.697343826293945
289808 1.2879371643066406
289801 1.1599063873291016
289788 17.824172973632812
289788 10.555267333984375
289777 25.30503273010254
289755 12.649059295654297
289755 10.92076301574707
289742 9.83881950378418
289742 19.57106590270996
289742 5.651950836181641
289692 28.50198745727539
289692 10.406970977783203
289685 3.0362606048583984
289685 20.886898040771484
289685 6.677150726318359
289685 7.3699951171875
289685 21.75617218017578
289685 8.820056915283203
289685 28.635263442993164
289666 23.754119873046875
289647 21.214962005615234
289647 7.610082626342773
289647 11.539936065673828
289647 0.6251335144042969
289647 2.766132354736328
289647 9.727954864501953
289647 25.159835815429688
289623 1.0781288146972656
289622 24.50084686279297
289622 27.325868606567383
289618 15.015125274658203
289618 4.314899444580078
289606 23.602962493896484
289606 23.890972137451172
289606 4.625797271728516
289598 30.181169509887695
289561 22.884130477905273
289493 22.001981735229492
289484 18.12291145324707
289484 3.930807113647461
289477 30.630826950073242
289461 19.79994773864746
289461 29.459238052368164
289461 27.999162673950195
289461 17.004728317260742
289461 10.989904403686523
289461 7.773160934448242
289461 12.082099914550781
289458 16.552209854125977
289458 14.944076538085938
289433 11.410951614379883
289433 17.201900482177734
289433 23.77009391784668
289433 18.376827239990234
289411 6.845951080322266
289411 2.6590824127197266
289406 0.7379055023193359
289361 13.380050659179688
289361 7.901906967163086
289361 10.627985000610352
289328 7.730960845947266
289328 3.108978271484375
289328 16.632795333862305
289328 32.66620635986328
289301 26.900053024291992
289301 18.445968627929688
289301 1.605987548828125
289273 1.0001659393310547
289273 10.956048965454102
289273 25.619983673095703
289273 6.3610076904296875
289273 30.15279769897461
289261 2.9418468475341797
289261 6.98399543762207
289261 23.769140243530273
289250 4.008054733276367
289250 12.721776962280273
289250 14.091968536376953
289228 17.320871353149414
289228 8.027076721191406
289186 15.684127807617188
289186 12.066841125488281
289186 33.85019302368164
289177 19.89603042602539
289113 13.546943664550781
289070 32.430171966552734
289046 5.293846130371094
289046 7.80797004699707
289045 26.401042938232422
289045 17.91691780090332
289040 12.896060943603516
289009 34.36112403869629
289000 4.13966178894043
289000 22.811174392700195
288965 18.058061599731445
288961 28.82099151611328
288953 3.6280155181884766
288953 4.519939422607422
288953 5.385160446166992
288946 28.45001220703125
288946 6.932973861694336
288946 25.127887725830078
288940 23.893117904663086
288940 26.38101577758789
288928 26.280879974365234
288922 19.199848175048828
288922 1.2030601501464844
288895 1.6810894012451172
288883 11.766910552978516
288879 8.159875869750977
288879 15.08188247680664
288879 16.564369201660156
288843 20.212888717651367
288773 4.242897033691406
288773 2.6350021362304688
288773 25.649070739746094
288773 22.242069244384766
288773 24.656057357788086
288734 16.766071319580078
288728 5.938053131103516
288728 25.064945220947266
288728 29.67214584350586
288679 13.364315032958984
288679 31.496047973632812
288643 42.627811431884766
288643 27.562856674194336
288643 34.16609764099121
288595 23.520946502685547
288552 13.427972793579102
288522 12.063980102539062
288513 13.247966766357422
288510 2.8989315032958984
288510 6.016016006469727
288510 17.1048641204834
288508 7.986307144165039
288496 25.0089168548584
288492 21.41714096069336
288492 11.893033981323242
288479 23.773193359375
288479 9.474754333496094
288479 10.914802551269531
288479 13.005733489990234
288479 3.0989646911621094
288438 29.886960983276367
288438 9.094715118408203
288438 17.760038375854492
288437 16.486167907714844
288437 28.72610092163086
288388 7.488012313842773
288382 7.637977600097656
288371 3.4139156341552734
288343 18.22805404663086
288343 22.25184440612793
288343 12.933015823364258
288343 8.369922637939453
288343 0.17118453979492188
288311 15.803098678588867
288305 12.72892951965332
288305 0.06008148193359375
288270 25.72011947631836
288235 6.930112838745117
288228 28.95498275756836
288228 2.73895263671875
288223 17.101049423217773
288223 25.55537223815918
288205 8.452892303466797
288202 21.736860275268555
288193 23.321151733398438
288114 1.0631084442138672
288114 9.98997688293457
288111 1.7080307006835938
288111 3.196239471435547
288106 8.667945861816406
288106 27.244091033935547
288106 0.4489421844482422
288102 6.796121597290039
288102 22.63498306274414
288081 8.433818817138672
288081 28.074979782104492
288081 13.00191879272461
288067 4.349946975708008
288067 34.15489196777344
288067 1.043081283569336
288062 4.648923873901367
288055 2.686023712158203
288053 28.769969940185547
288009 12.762308120727539
288009 8.717775344848633
288006 23.952722549438477
288006 29.968976974487305
288006 28.004169464111328
287976 0.9310245513916016
287976 18.36705207824707
287976 14.106273651123047
287976 28.220176696777344
287976 31.0671329498291
287952 31.135082244873047
287921 0.2880096435546875
287921 14.553070068359375
287841 7.979154586791992
287828 32.251834869384766
287823 1.6088485717773438
287823 24.593114852905273
287794 1.6508102416992188
287794 11.784791946411133
287794 21.75426483154297
287794 8.70203971862793
287757 6.360054016113281
287757 5.009889602661133
287757 14.477252960205078
287757 10.353803634643555
287675 13.546943664550781
287633 19.147872924804688
287613 12.568950653076172
287570 8.871078491210938
287569 20.80512046813965
287569 38.45405578613281
287569 20.66802978515625
287569 24.172067642211914
287569 18.6769962310791
287569 14.483928680419922
287549 25.35104751586914
287549 4.745960235595703
287549 9.31692123413086
287549 5.892038345336914
287528 2.7709007263183594
287475 16.728878021240234
287462 17.579078674316406
287462 24.475812911987305
287444 7.514715194702148
287435 6.578207015991211
287378 13.000011444091797
287378 12.09878921508789
287378 8.43501091003418
287346 12.696981430053711
287310 5.43212890625
287237 17.296791076660156
287213 26.335954666137695
287176 19.972801208496094
287176 21.893739700317383
287173 19.436120986938477
287173 14.409065246582031
287173 13.972997665405273
287101 11.223793029785156
287076 20.862102508544922
287066 29.71792221069336
287062 25.891780853271484
287061 18.024206161499023
287061 21.990060806274414
287048 26.109933853149414
287048 24.196863174438477
287024 24.69778060913086
287024 20.231962203979492
286978 21.38495445251465
286972 1.1279582977294922
286949 6.57200813293457
286906 16.421794891357422
286906 2.5510787963867188
286906 3.3457279205322266
286898 18.94235610961914
286898 2.344846725463867
286898 16.23702049255371
286898 29.295921325683594
286898 11.472702026367188
286894 7.356166839599609
286878 2.437114715576172
286878 20.639896392822266
286871 31.093835830688477
286871 29.65521812438965
286871 20.251989364624023
