241 0.16117095947265625
241 0.03790855407714844
232 0.026941299438476562
200 0.01621246337890625
190 0.022172927856445312
176 0.013113021850585938
176 0.0073909759521484375
164 0.007867813110351562
164 0.014066696166992188
164 0.010967254638671875
164 0.02384185791015625
164 0.026941299438476562
155 0.010967254638671875
155 0.028133392333984375
155 0.02193450927734375
155 0.010013580322265625
155 0.021696090698242188
155 0.017881393432617188
145 0.030994415283203125
145 0.020265579223632812
145 0.015020370483398438
145 0.019311904907226562
145 0.007152557373046875
145 0.018835067749023438
140 0.017881393432617188
140 0.0040531158447265625
140 0.014066696166992188
140 0.024080276489257812
120 0.014781951904296875
120 0.016927719116210938
120 0.012159347534179688
120 0.013113021850585938
120 0.022649765014648438
105 0.02002716064453125
105 0.00476837158203125
105 0.023126602172851562
105 0.008106231689453125
105 0.015020370483398438
102 0.011205673217773438
84 0.025987625122070312
84 0.0050067901611328125
84 0.0171661376953125
84 0.012159347534179688
84 0.023126602172851562
84 0.028133392333984375
84 0.019073486328125
84 0.0050067901611328125
84 0.006198883056640625
84 0.02193450927734375
82 0.011205673217773438
82 0.0171661376953125
82 0.014066696166992188
82 0.012874603271484375
82 0.015735626220703125
71 0.013113021850585938
64 0.014066696166992188
64 0.0171661376953125
64 0.031948089599609375
64 0.030040740966796875
64 0.024080276489257812
64 0.006198883056640625
64 0.0171661376953125
64 0.015020370483398438
64 0.0040531158447265625
64 0.00286102294921875
64 0.026941299438476562
64 0.0059604644775390625
64 0.0209808349609375
64 0.017881393432617188
64 0.025033950805664062
64 0.003814697265625
64 0.010013580322265625
64 0.016927719116210938
64 0.012874603271484375
64 0.031948089599609375
56 0.01430511474609375
56 0.008821487426757812
56 0.02288818359375
56 0.012874603271484375
56 0.026226043701171875
56 0.019311904907226562
56 0.007152557373046875
56 0.026702880859375
56 0.02193450927734375
56 0.003814697265625
56 0.009059906005859375
56 0.0069141387939453125
56 0.023126602172851562
56 0.025033950805664062
56 0.017881393432617188
56 0.015974044799804688
56 0.026941299438476562
56 0.010967254638671875
56 0.010967254638671875
56 0.024080276489257812
56 0.02288818359375
56 0.003814697265625
56 0.0152587890625
56 0.011920928955078125
56 0.003814697265625
56 0.0209808349609375
56 0.006198883056640625
56 0.003814697265625
56 0.02002716064453125
56 0.030994415283203125
56 0.0040531158447265625
52 0.031948089599609375
52 0.004291534423828125
52 0.02002716064453125
52 0.003814697265625
48 0.029087066650390625
48 0.017881393432617188
48 0.0057220458984375
48 0.003814697265625
48 0.0209808349609375
48 0.010013580322265625
48 0.02288818359375
48 0.010013580322265625
48 0.008821487426757812
48 0.026941299438476562
48 0.008106231689453125
48 0.0040531158447265625
48 0.011920928955078125
48 0.0069141387939453125
48 0.008106231689453125
48 0.029802322387695312
47 0.0209808349609375
47 0.009059906005859375
47 0.014781951904296875
47 0.003814697265625
47 0.014066696166992188
47 0.026226043701171875
47 0.008821487426757812
47 0.004291534423828125
47 0.003814697265625
47 0.030040740966796875
47 0.016927719116210938
47 0.009059906005859375
47 0.0050067901611328125
47 0.007867813110351562
47 0.010967254638671875
47 0.010967254638671875
47 0.006198883056640625
47 0.0040531158447265625
47 0.007867813110351562
47 0.018358230590820312
42 0.015020370483398438
42 0.020265579223632812
42 0.015974044799804688
42 0.018835067749023438
42 0.018835067749023438
42 0.010967254638671875
40 0.01811981201171875
40 0.01811981201171875
40 0.019788742065429688
39 0.024080276489257812
39 0.024080276489257812
39 0.008344650268554688
39 0.01621246337890625
39 0.009059906005859375
39 0.030040740966796875
39 0.026702880859375
39 0.016927719116210938
39 0.025272369384765625
39 0.026226043701171875
39 0.007867813110351562
39 0.0040531158447265625
39 0.009059906005859375
39 0.0040531158447265625
39 0.02193450927734375
39 0.008106231689453125
39 0.02193450927734375
39 0.009775161743164062
39 0.00476837158203125
39 0.015020370483398438
39 0.026226043701171875
39 0.029087066650390625
39 0.012874603271484375
39 0.008821487426757812
39 0.026226043701171875
39 0.009059906005859375
39 0.018835067749023438
39 0.011920928955078125
39 0.015020370483398438
39 0.012159347534179688
39 0.010967254638671875
39 0.014781951904296875
39 0.012159347534179688
39 0.003814697265625
39 0.008106231689453125
39 0.013828277587890625
39 0.015735626220703125
39 0.010967254638671875
39 0.021696090698242188
39 0.026226043701171875
39 0.02288818359375
36 0.011920928955078125
36 0.010967254638671875
36 0.012159347534179688
36 0.009059906005859375
36 0.025987625122070312
36 0.028371810913085938
36 0.015974044799804688
36 0.018358230590820312
36 0.024080276489257812
36 0.02002716064453125
36 0.007152557373046875
36 0.025033950805664062
36 0.029087066650390625
36 0.0059604644775390625
36 0.0059604644775390625
36 0.012159347534179688
36 0.013113021850585938
36 0.030040740966796875
36 0.027179718017578125
36 0.01621246337890625
36 0.0209808349609375
36 0.0040531158447265625
36 0.02002716064453125
36 0.026941299438476562
36 0.012159347534179688
33 0.027179718017578125
33 0.005245208740234375
33 0.020265579223632812
33 0.01811981201171875
33 0.010013580322265625
31 0.0209808349609375
31 0.026226043701171875
31 0.016927719116210938
31 0.021219253540039062
31 0.008821487426757812
31 0.014066696166992188
31 0.012159347534179688
31 0.027894973754882812
31 0.003814697265625
31 0.02002716064453125
31 0.0040531158447265625
31 0.008106231689453125
31 0.019073486328125
31 0.006198883056640625
31 0.026941299438476562
31 0.006198883056640625
31 0.01811981201171875
31 0.008821487426757812
31 0.0209808349609375
31 0.010967254638671875
31 0.010967254638671875
31 0.026941299438476562
31 0.016927719116210938
31 0.018835067749023438
31 0.02002716064453125
31 0.01811981201171875
31 0.0152587890625
31 0.008821487426757812
31 0.025987625122070312
31 0.025033950805664062
31 0.026941299438476562
31 0.029087066650390625
31 0.011682510375976562
31 0.02002716064453125
31 0.016927719116210938
31 0.009059906005859375
31 0.0040531158447265625
31 0.011682510375976562
31 0.008106231689453125
31 0.027894973754882812
31 0.0050067901611328125
31 0.0040531158447265625
31 0.0040531158447265625
31 0.01811981201171875
31 0.004291534423828125
31 0.02002716064453125
31 0.017881393432617188
31 0.02002716064453125
31 0.016927719116210938
31 0.025033950805664062
31 0.0069141387939453125
29 0.007867813110351562
29 0.016927719116210938
29 0.008821487426757812
29 0.022172927856445312
29 0.028133392333984375
25 0.03409385681152344
25 0.00476837158203125
25 0.008821487426757812
25 0.010251998901367188
25 0.013113021850585938
25 0.02384185791015625
25 0.018835067749023438
25 0.013828277587890625
25 0.014066696166992188
25 0.014066696166992188
25 0.016927719116210938
25 0.029087066650390625
25 0.025033950805664062
25 0.029087066650390625
25 0.003814697265625
25 0.0209808349609375
25 0.008821487426757812
25 0.0209808349609375
25 0.012874603271484375
25 0.007152557373046875
25 0.0040531158447265625
25 0.018358230590820312
25 0.007152557373046875
25 0.01621246337890625
25 0.019073486328125
25 0.024080276489257812
25 0.0040531158447265625
24 0.02574920654296875
24 0.0050067901611328125
24 0.009059906005859375
24 0.007867813110351562
24 0.02288818359375
24 0.015020370483398438
24 0.004291534423828125
24 0.010013580322265625
24 0.009059906005859375
24 0.022172927856445312
24 0.031948089599609375
24 0.029802322387695312
24 0.02288818359375
24 0.02002716064453125
24 0.023126602172851562
24 0.010013580322265625
24 0.029087066650390625
24 0.02384185791015625
24 0.015735626220703125
24 0.008106231689453125
24 0.026941299438476562
24 0.012159347534179688
24 0.0171661376953125
24 0.025987625122070312
24 0.026941299438476562
24 0.006198883056640625
24 0.012636184692382812
24 0.00476837158203125
24 0.029087066650390625
24 0.02193450927734375
24 0.010013580322265625
24 0.010967254638671875
24 0.0069141387939453125
24 0.011920928955078125
24 0.012874603271484375
24 0.010967254638671875
24 0.011920928955078125
24 0.007152557373046875
24 0.025272369384765625
24 0.013113021850585938
24 0.02193450927734375
24 0.010967254638671875
24 0.008106231689453125
24 0.015020370483398438
24 0.029087066650390625
24 0.008821487426757812
23 0.030994415283203125
23 0.02193450927734375
23 0.015974044799804688
23 0.024080276489257812
23 0.003814697265625
23 0.0059604644775390625
23 0.027894973754882812
23 0.01811981201171875
23 0.011920928955078125
23 0.02193450927734375
23 0.009059906005859375
23 0.009059906005859375
23 0.0040531158447265625
23 0.0152587890625
23 0.06580352783203125
23 0.033855438232421875
23 0.030040740966796875
23 0.011920928955078125
23 0.029087066650390625
23 0.025033950805664062
23 0.030040740966796875
23 0.015974044799804688
23 0.007867813110351562
23 0.009775161743164062
23 0.027179718017578125
23 0.02193450927734375
23 0.06890296936035156
23 0.03910064697265625
23 0.028848648071289062
23 0.027894973754882812
23 0.06008148193359375
23 0.034809112548828125
23 0.0050067901611328125
23 0.017881393432617188
23 0.017881393432617188
23 0.07200241088867188
23 0.013113021850585938
23 0.0171661376953125
23 0.01430511474609375
23 0.02384185791015625
23 0.010013580322265625
23 0.0050067901611328125
23 0.02384185791015625
23 0.012874603271484375
23 0.0050067901611328125
23 0.030279159545898438
23 0.005245208740234375
23 0.0171661376953125
23 0.014066696166992188
23 0.021696090698242188
23 0.010013580322265625
23 0.010967254638671875
23 0.025033950805664062
23 0.012874603271484375
23 0.012874603271484375
23 0.013113021850585938
23 0.027179718017578125
23 0.005245208740234375
23 0.031948089599609375
23 0.04076957702636719
23 0.014781951904296875
23 0.011205673217773438
23 0.005245208740234375
23 0.01811981201171875
23 0.014066696166992188
23 0.027179718017578125
23 0.018835067749023438
23 0.024080276489257812
23 0.029802322387695312
23 0.02002716064453125
23 0.009059906005859375
23 0.013113021850585938
23 0.030040740966796875
23 0.024080276489257812
23 0.02002716064453125
23 0.005245208740234375
23 0.023126602172851562
23 0.009775161743164062
23 0.008106231689453125
23 0.006198883056640625
23 0.051975250244140625
23 0.007867813110351562
23 0.05078315734863281
23 0.009059906005859375
23 0.032901763916015625
23 0.0171661376953125
23 0.04601478576660156
23 0.03886222839355469
23 0.03409385681152344
23 0.02193450927734375
23 0.02002716064453125
23 0.026941299438476562
23 0.0629425048828125
23 0.031948089599609375
23 0.05412101745605469
23 0.013113021850585938
23 0.023126602172851562
23 0.022172927856445312
23 0.012159347534179688
23 0.027179718017578125
23 0.049114227294921875
23 0.03409385681152344
23 0.03504753112792969
23 0.03790855407714844
23 0.05412101745605469
23 0.048160552978515625
23 0.033855438232421875
23 0.05793571472167969
23 0.036716461181640625
23 0.04506111145019531
23 0.016927719116210938
23 0.009059906005859375
23 0.047206878662109375
23 0.023126602172851562
23 0.02574920654296875
23 0.05602836608886719
23 0.030994415283203125
23 0.04506111145019531
23 0.014781951904296875
23 0.030040740966796875
23 0.031948089599609375
23 0.051021575927734375
23 0.05698204040527344
23 0.015735626220703125
23 0.03600120544433594
23 0.02193450927734375
23 0.009059906005859375
23 0.03910064697265625
23 0.024080276489257812
23 0.032901763916015625
23 0.03695487976074219
23 0.048160552978515625
23 0.016927719116210938
23 0.03814697265625
23 0.034809112548828125
23 0.010013580322265625
23 0.009059906005859375
23 0.007867813110351562
23 0.008106231689453125
23 0.028133392333984375
23 0.010967254638671875
23 0.017881393432617188
22 0.06389617919921875
22 0.03409385681152344
22 0.025987625122070312
22 0.0438690185546875
22 0.05078315734863281
22 0.05793571472167969
22 0.014781951904296875
22 0.049114227294921875
22 0.030279159545898438
22 0.0209808349609375
22 0.0171661376953125
22 0.0040531158447265625
22 0.0050067901611328125
22 0.03504753112792969
22 0.025987625122070312
22 0.019311904907226562
22 0.0209808349609375
22 0.035762786865234375
22 0.03933906555175781
22 0.009298324584960938
22 0.019073486328125
22 0.030040740966796875
22 0.010967254638671875
22 0.030994415283203125
22 0.031948089599609375
22 0.05316734313964844
22 0.027894973754882812
22 0.010967254638671875
22 0.046253204345703125
22 0.02288818359375
22 0.052928924560546875
22 0.05412101745605469
22 0.02193450927734375
22 0.015974044799804688
21 0.05817413330078125
21 0.02002716064453125
21 0.010013580322265625
21 0.04792213439941406
21 0.031948089599609375
21 0.05316734313964844
21 0.02193450927734375
21 0.02002716064453125
21 0.03600120544433594
21 0.0400543212890625
21 0.03504753112792969
21 0.023126602172851562
21 0.025033950805664062
21 0.05817413330078125
21 0.03910064697265625
21 0.016927719116210938
21 0.013113021850585938
21 0.010967254638671875
21 0.013113021850585938
21 0.07605552673339844
21 0.027894973754882812
21 0.03266334533691406
21 0.030040740966796875
21 0.008821487426757812
21 0.03314018249511719
21 0.010013580322265625
21 0.0457763671875
21 0.04792213439941406
21 0.012159347534179688
21 0.0059604644775390625
21 0.015735626220703125
21 0.0247955322265625
21 0.0050067901611328125
21 0.024080276489257812
21 0.025272369384765625
21 0.014066696166992188
21 0.02574920654296875
21 0.011920928955078125
21 0.022172927856445312
21 0.02574920654296875
21 0.027894973754882812
21 0.017881393432617188
21 0.014066696166992188
21 0.011920928955078125
21 0.025987625122070312
21 0.018835067749023438
21 0.030040740966796875
21 0.022172927856445312
21 0.019311904907226562
21 0.016927719116210938
21 0.013113021850585938
21 0.02002716064453125
21 0.003814697265625
21 0.0247955322265625
21 0.010967254638671875
21 0.003814697265625
21 0.014781951904296875
21 0.03814697265625
21 0.010967254638671875
21 0.03504753112792969
21 0.009059906005859375
21 0.032901763916015625
21 0.0059604644775390625
21 0.010013580322265625
21 0.028133392333984375
21 0.022172927856445312
21 0.0050067901611328125
21 0.015974044799804688
21 0.010967254638671875
21 0.0171661376953125
21 0.026226043701171875
21 0.02193450927734375
21 0.010013580322265625
21 0.0069141387939453125
20 0.032901763916015625
20 0.030994415283203125
20 0.008344650268554688
20 0.007152557373046875
20 0.010013580322265625
19 0.022649765014648438
19 0.0050067901611328125
19 0.0050067901611328125
19 0.014066696166992188
19 0.0171661376953125
19 0.010013580322265625
19 0.003814697265625
19 0.010013580322265625
19 0.031232833862304688
19 0.007152557373046875
19 0.010013580322265625
19 0.007867813110351562
19 0.01621246337890625
19 0.0069141387939453125
19 0.016927719116210938
19 0.015020370483398438
19 0.010013580322265625
19 0.029802322387695312
19 0.030994415283203125
19 0.02002716064453125
19 0.014066696166992188
19 0.0209808349609375
19 0.0050067901611328125
19 0.008106231689453125
19 0.02384185791015625
19 0.0171661376953125
19 0.01621246337890625
19 0.030279159545898438
18 0.03314018249511719
18 0.005245208740234375
18 0.007867813110351562
18 0.0171661376953125
18 0.028133392333984375
18 0.024080276489257812
18 0.010013580322265625
18 0.01811981201171875
18 0.010967254638671875
18 0.0209808349609375
18 0.019788742065429688
18 0.02002716064453125
17 0.014066696166992188
17 0.008106231689453125
17 0.027894973754882812
17 0.0362396240234375
17 0.03886222839355469
17 0.008821487426757812
17 0.011682510375976562
17 0.02288818359375
17 0.008106231689453125
17 0.005245208740234375
17 0.027179718017578125
17 0.01621246337890625
17 0.0040531158447265625
17 0.0069141387939453125
17 0.014066696166992188
17 0.009059906005859375
17 0.028371810913085938
17 0.019788742065429688
17 0.025033950805664062
17 0.014066696166992188
17 0.027894973754882812
17 0.022172927856445312
17 0.027894973754882812
17 0.010967254638671875
17 0.027179718017578125
17 0.0152587890625
17 0.006198883056640625
17 0.010967254638671875
17 0.0209808349609375
17 0.0209808349609375
17 0.028133392333984375
17 0.04506111145019531
17 0.02002716064453125
17 0.009059906005859375
17 0.023126602172851562
17 0.02002716064453125
17 0.028133392333984375
17 0.008821487426757812
17 0.014066696166992188
17 0.027179718017578125
16 0.0209808349609375
16 0.008106231689453125
16 0.013828277587890625
16 0.009059906005859375
16 0.009059906005859375
16 0.015974044799804688
16 0.0050067901611328125
16 0.0040531158447265625
16 0.0171661376953125
16 0.01811981201171875
16 0.006198883056640625
16 0.01430511474609375
16 0.0050067901611328125
16 0.029087066650390625
16 0.01621246337890625
16 0.0040531158447265625
16 0.0152587890625
16 0.010967254638671875
16 0.011920928955078125
16 0.008106231689453125
16 0.009059906005859375
16 0.005245208740234375
16 0.023126602172851562
16 0.010967254638671875
16 0.0059604644775390625
16 0.028133392333984375
16 0.010013580322265625
16 0.010967254638671875
16 0.0209808349609375
16 0.015735626220703125
16 0.016927719116210938
16 0.015020370483398438
16 0.0057220458984375
16 0.0040531158447265625
16 0.027179718017578125
16 0.01621246337890625
16 0.01811981201171875
16 0.005245208740234375
16 0.012159347534179688
16 0.018835067749023438
16 0.010967254638671875
16 0.030040740966796875
16 0.04792213439941406
16 0.023126602172851562
16 0.011920928955078125
16 0.019788742065429688
16 0.01811981201171875
16 0.009059906005859375
16 0.02193450927734375
16 0.01811981201171875
16 0.019788742065429688
16 0.011920928955078125
16 0.010013580322265625
16 0.008106231689453125
16 0.030279159545898438
16 0.029802322387695312
16 0.015974044799804688
16 0.012874603271484375
16 0.010967254638671875
16 0.0171661376953125
16 0.006198883056640625
16 0.025033950805664062
16 0.003814697265625
16 0.008106231689453125
16 0.030040740966796875
16 0.014066696166992188
16 0.0069141387939453125
16 0.004291534423828125
16 0.024080276489257812
16 0.034809112548828125
16 0.028848648071289062
16 0.010967254638671875
16 0.016927719116210938
16 0.00476837158203125
16 0.010967254638671875
16 0.015974044799804688
16 0.0040531158447265625
16 0.006198883056640625
16 0.0209808349609375
16 0.008821487426757812
16 0.010013580322265625
16 0.02002716064453125
16 0.010967254638671875
16 0.007867813110351562
16 0.02002716064453125
16 0.00476837158203125
16 0.02574920654296875
16 0.017881393432617188
16 0.018835067749023438
16 0.016927719116210938
16 0.017881393432617188
16 0.004291534423828125
16 0.0069141387939453125
16 0.010013580322265625
16 0.026941299438476562
16 0.0050067901611328125
16 0.0040531158447265625
16 0.005245208740234375
16 0.007152557373046875
16 0.022172927856445312
16 0.025987625122070312
16 0.022172927856445312
16 0.019073486328125
16 0.0069141387939453125
16 0.014066696166992188
16 0.025987625122070312
16 0.012159347534179688
16 0.009059906005859375
16 0.027179718017578125
16 0.015974044799804688
16 0.007867813110351562
16 0.0171661376953125
16 0.0040531158447265625
16 0.017881393432617188
16 0.027179718017578125
16 0.013113021850585938
16 0.003814697265625
16 0.017881393432617188
16 0.010013580322265625
16 0.008821487426757812
16 0.01811981201171875
16 0.008821487426757812
16 0.019788742065429688
16 0.018835067749023438
16 0.0171661376953125
16 0.019073486328125
16 0.026941299438476562
16 0.018835067749023438
16 0.007867813110351562
16 0.003814697265625
16 0.026941299438476562
16 0.010013580322265625
16 0.0171661376953125
16 0.010967254638671875
16 0.017881393432617188
16 0.013828277587890625
16 0.0059604644775390625
16 0.005245208740234375
16 0.018835067749023438
16 0.0059604644775390625
16 0.025033950805664062
16 0.028848648071289062
16 0.015974044799804688
16 0.01621246337890625
16 0.005245208740234375
16 0.0040531158447265625
16 0.0152587890625
16 0.010013580322265625
16 0.01621246337890625
16 0.02002716064453125
16 0.0069141387939453125
16 0.007867813110351562
16 0.022172927856445312
16 0.008821487426757812
16 0.40411949157714844
16 0.04506111145019531
16 0.030279159545898438
16 0.0362396240234375
16 0.016927719116210938
16 0.016689300537109375
16 0.030040740966796875
16 0.012159347534179688
16 0.010013580322265625
16 0.03886222839355469
16 0.052928924560546875
16 0.01811981201171875
16 0.012159347534179688
16 0.08869171142578125
16 0.03695487976074219
16 0.052928924560546875
16 0.022172927856445312
16 0.03504753112792969
16 0.018835067749023438
16 0.011682510375976562
16 0.019073486328125
16 0.02002716064453125
16 0.03910064697265625
16 0.050067901611328125
16 0.04100799560546875
16 0.026941299438476562
16 0.05817413330078125
16 0.04291534423828125
16 0.03719329833984375
16 0.010013580322265625
16 0.03504753112792969
16 0.051021575927734375
16 0.050067901611328125
16 0.011205673217773438
16 0.0209808349609375
16 0.006198883056640625
16 0.0209808349609375
16 0.02384185791015625
16 0.03695487976074219
16 0.025033950805664062
16 0.017881393432617188
16 0.04100799560546875
16 0.141143798828125
16 0.032901763916015625
16 0.012159347534179688
16 0.008106231689453125
16 0.0247955322265625
16 0.01621246337890625
16 0.005245208740234375
16 0.009059906005859375
16 0.003814697265625
16 0.026702880859375
16 0.0171661376953125
16 0.014066696166992188
16 0.04482269287109375
16 0.017881393432617188
16 0.029087066650390625
16 0.02288818359375
16 0.021696090698242188
16 0.019073486328125
16 0.010013580322265625
16 0.025987625122070312
16 0.027894973754882812
16 0.029087066650390625
16 0.0362396240234375
16 0.041961669921875
16 0.02384185791015625
16 0.011920928955078125
16 0.008106231689453125
16 0.02002716064453125
16 0.010013580322265625
16 0.030994415283203125
16 0.028848648071289062
16 0.014066696166992188
16 0.026941299438476562
16 0.025272369384765625
16 0.02574920654296875
16 0.015020370483398438
16 0.019073486328125
16 0.028133392333984375
16 0.011920928955078125
16 0.010013580322265625
16 0.018835067749023438
16 0.04792213439941406
16 0.014066696166992188
16 0.005245208740234375
16 0.008821487426757812
16 0.0059604644775390625
16 0.028848648071289062
16 0.016927719116210938
16 0.027894973754882812
16 0.014781951904296875
16 0.04887580871582031
16 0.014066696166992188
16 0.018358230590820312
16 0.015020370483398438
16 0.024080276489257812
16 0.023126602172851562
16 0.029087066650390625
15 0.02384185791015625
15 0.0209808349609375
15 0.028133392333984375
15 0.008106231689453125
15 0.025272369384765625
15 0.008106231689453125
15 0.011920928955078125
15 0.010967254638671875
15 0.0209808349609375
15 0.0209808349609375
15 0.014066696166992188
15 0.010013580322265625
15 0.011920928955078125
15 0.003814697265625
15 0.010967254638671875
15 0.0400543212890625
15 0.013828277587890625
15 0.031948089599609375
15 0.012874603271484375
15 0.025987625122070312
15 0.015974044799804688
15 0.008344650268554688
15 0.011920928955078125
15 0.0050067901611328125
15 0.013113021850585938
15 0.013113021850585938
15 0.03314018249511719
15 0.010967254638671875
15 0.016927719116210938
15 0.009775161743164062
15 0.047206878662109375
15 0.016927719116210938
15 0.02002716064453125
15 0.012874603271484375
15 0.027894973754882812
15 0.0050067901611328125
15 0.007867813110351562
15 0.025033950805664062
15 0.0069141387939453125
15 0.0209808349609375
15 0.019788742065429688
15 0.0209808349609375
15 0.022649765014648438
15 0.010013580322265625
15 0.016927719116210938
15 0.02288818359375
15 0.0209808349609375
15 0.009059906005859375
15 0.010013580322265625
15 0.030994415283203125
15 0.009298324584960938
15 0.012159347534179688
15 0.008106231689453125
15 0.007152557373046875
15 0.026226043701171875
15 0.02002716064453125
15 0.02193450927734375
15 0.02002716064453125
