4175 2.9768943786621094
4175 0.331878662109375
4172 0.3628730773925781
4130 0.11205673217773438
4130 0.2949237823486328
4129 0.21505355834960938
4122 0.08797645568847656
4100 0.21696090698242188
4100 0.16999244689941406
4098 0.24390220642089844
4091 0.15687942504882812
4058 0.3521442413330078
4058 0.04076957702636719
3993 0.11897087097167969
3968 0.052928924560546875
3950 0.16999244689941406
3938 0.32401084899902344
3938 0.24509429931640625
3938 0.17690658569335938
3937 0.2849102020263672
3921 0.04291534423828125
3921 0.08392333984375
3921 0.09894371032714844
3897 0.11014938354492188
3897 0.19097328186035156
3888 0.2658367156982422
3888 0.08702278137207031
3885 0.2906322479248047
3864 0.125885009765625
3864 0.35381317138671875
3864 0.1609325408935547
3864 0.2200603485107422
3864 0.1068115234375
3858 0.179290771484375
3858 0.3910064697265625
3858 0.014781951904296875
3858 0.16021728515625
3806 0.36787986755371094
3806 0.19598007202148438
3769 0.033855438232421875
3757 0.030040740966796875
3721 0.2319812774658203
3721 0.1780986785888672
3714 0.141143798828125
3714 0.370025634765625
3714 0.041961669921875
3712 0.18286705017089844
3712 0.3688335418701172
3712 0.2617835998535156
3704 0.23984909057617188
3704 0.03790855407714844
3704 0.015974044799804688
3704 0.024080276489257812
3697 0.25200843811035156
3613 0.11920928955078125
3613 0.5450248718261719
3588 0.3688335418701172
3584 0.14519691467285156
3567 0.2899169921875
3544 0.10204315185546875
3532 0.3368854522705078
3520 0.3159046173095703
3520 0.05626678466796875
3496 0.17213821411132812
3495 0.1518726348876953
3495 0.14519691467285156
3481 0.052928924560546875
3481 0.3311634063720703
3481 0.5340576171875
3481 0.4642009735107422
3469 0.10228157043457031
3469 0.028848648071289062
3469 0.0591278076171875
3469 0.22602081298828125
3469 0.13303756713867188
3464 0.023126602172851562
3464 0.18787384033203125
3458 0.02193450927734375
3446 0.1709461212158203
3446 0.011682510375976562
3446 0.32591819763183594
3422 0.2498626708984375
3405 0.4069805145263672
3403 0.14519691467285156
3403 0.0362396240234375
3403 0.18787384033203125
3403 0.2827644348144531
3399 0.3590583801269531
3397 0.22792816162109375
3396 0.22983551025390625
3396 0.1010894775390625
3359 0.3647804260253906
3359 0.0059604644775390625
3348 0.2608299255371094
3348 0.041961669921875
3335 0.3559589385986328
3335 0.047206878662109375
3335 0.2319812774658203
3335 0.19931793212890625
3323 0.051975250244140625
3323 0.051975250244140625
3323 0.030279159545898438
3323 0.2429485321044922
3323 0.1270771026611328
3323 0.07510185241699219
3282 0.23293495178222656
3273 0.03981590270996094
3273 0.04696846008300781
3262 0.3361701965332031
3262 0.33926963806152344
3262 0.20503997802734375
3262 0.07510185241699219
3262 0.10013580322265625
3259 0.18787384033203125
3259 0.10180473327636719
3257 0.22411346435546875
3257 0.3540515899658203
3257 0.1418590545654297
3241 0.08296966552734375
3241 0.015020370483398438
3241 0.38886070251464844
3241 0.015974044799804688
3241 0.26702880859375
3221 0.21600723266601562
3221 0.1609325408935547
3221 0.21982192993164062
3221 0.23317337036132812
3218 0.08296966552734375
3215 0.17690658569335938
3205 0.14972686767578125
3189 0.21886825561523438
3184 0.016927719116210938
3184 0.14495849609375
3184 0.03600120544433594
3184 0.0069141387939453125
3184 0.034809112548828125
3184 0.22292137145996094
3184 0.33473968505859375
3184 0.23508071899414062
3169 0.3521442413330078
3169 0.10800361633300781
3169 0.36907196044921875
3169 0.06508827209472656
3169 0.2009868621826172
3169 0.13685226440429688
3169 0.010967254638671875
3169 0.1888275146484375
3169 0.1647472381591797
3168 0.19502639770507812
3168 0.1289844512939453
3154 0.0438690185546875
3154 0.3609657287597656
3154 0.2989768981933594
3154 0.26106834411621094
3154 0.2617835998535156
3115 0.09608268737792969
3113 0.31113624572753906
3102 0.12612342834472656
3102 0.17309188842773438
3097 0.1888275146484375
3097 0.19502639770507812
3097 0.05602836608886719
3033 0.2028942108154297
3033 0.2911090850830078
3033 0.031948089599609375
3033 0.125885009765625
3020 0.009059906005859375
3020 0.125885009765625
3020 0.331878662109375
3018 0.09107589721679688
3009 0.2989768981933594
3009 0.09274482727050781
3007 0.13685226440429688
3000 0.05888938903808594
3000 0.04100799560546875
3000 0.010728836059570312
3000 0.2529621124267578
3000 0.07390975952148438
3000 0.23102760314941406
3000 0.15997886657714844
3000 0.1499652862548828
2993 0.2639293670654297
2993 0.05984306335449219
2993 0.03910064697265625
2981 0.32520294189453125
2981 0.08893013000488281
2981 0.3008842468261719
2981 0.23984909057617188
2981 0.3631114959716797
2956 0.30422210693359375
2956 0.04506111145019531
2950 0.15807151794433594
2950 0.2422332763671875
2950 0.22411346435546875
2950 0.29087066650390625
2939 0.09012222290039062
2939 0.09655952453613281
2939 0.13899803161621094
2921 0.370025634765625
2921 0.05602836608886719
2921 0.36835670471191406
2921 0.20599365234375
2910 0.29397010803222656
2910 0.050067901611328125
2888 0.07915496826171875
2888 0.11897087097167969
2883 0.3597736358642578
2883 0.36716461181640625
2883 0.263214111328125
2883 0.3120899200439453
2883 0.20313262939453125
2883 0.38886070251464844
2883 0.012159347534179688
2883 0.3719329833984375
2880 0.29921531677246094
2880 0.1621246337890625
2880 0.3833770751953125
2880 0.23317337036132812
2874 0.05984306335449219
2874 0.3807544708251953
2874 0.03910064697265625
2874 0.12993812561035156
2874 0.029802322387695312
2874 0.07510185241699219
2874 0.1780986785888672
2865 0.12278556823730469
2865 0.06604194641113281
2865 0.2949237823486328
2846 0.19693374633789062
2846 0.1800060272216797
2815 0.1888275146484375
2810 0.32711029052734375
2810 0.22602081298828125
2810 0.1621246337890625
2810 0.05173683166503906
2810 0.19407272338867188
2810 0.17571449279785156
2810 0.017881393432617188
2810 0.15211105346679688
2810 0.36978721618652344
2810 0.005245208740234375
2809 0.30684471130371094
2809 0.23698806762695312
2809 0.20599365234375
2809 0.1289844512939453
2809 0.31495094299316406
2809 0.10800361633300781
2809 0.1938343048095703
2805 0.21505355834960938
2805 0.29087066650390625
2805 0.1709461212158203
2805 0.5099773406982422
2805 0.3020763397216797
2805 0.2617835998535156
2801 0.40793418884277344
2801 0.11491775512695312
2801 0.24890899658203125
2801 0.2200603485107422
2778 0.19502639770507812
2778 0.17404556274414062
2762 0.1659393310546875
2762 0.3190040588378906
2762 0.2090930938720703
2762 0.26488304138183594
2762 0.33402442932128906
2762 0.04482269287109375
2762 0.027894973754882812
2743 0.11277198791503906
2743 0.3819465637207031
2743 0.07486343383789062
2743 0.23102760314941406
2720 0.1289844512939453
2713 0.27108192443847656
2713 0.11682510375976562
2713 0.24390220642089844
2711 0.37598609924316406
2700 0.06699562072753906
2700 0.14781951904296875
2700 0.21505355834960938
2681 0.3750324249267578
2681 0.04315376281738281
2678 0.26917457580566406
2678 0.08225440979003906
2678 0.13709068298339844
2676 0.18477439880371094
2676 0.3216266632080078
2676 0.20885467529296875
2676 0.16570091247558594
2676 0.2079010009765625
2676 0.21982192993164062
2676 0.03790855407714844
2676 0.009298324584960938
2676 0.2923011779785156
2676 0.2372264862060547
2676 0.05125999450683594
2676 0.06175041198730469
2671 0.2529621124267578
2651 0.28967857360839844
2651 0.3566741943359375
2651 0.14901161193847656
2651 0.10609626770019531
2651 0.03790855407714844
2651 0.2498626708984375
2651 0.23102760314941406
2643 0.16999244689941406
2628 0.26702880859375
2628 0.019073486328125
2628 0.39196014404296875
2628 0.1659393310546875
2628 0.16307830810546875
2626 0.17309188842773438
2585 0.2181529998779297
2585 0.1888275146484375
2574 0.37097930908203125
2574 0.17499923706054688
2553 0.2560615539550781
2553 0.0400543212890625
2511 0.2219676971435547
2511 0.03814697265625
2511 0.1621246337890625
2511 0.14090538024902344
2505 0.17499923706054688
2491 0.07605552673339844
2491 0.025033950805664062
2491 0.20885467529296875
2474 0.2601146697998047
2474 0.1971721649169922
2474 0.22220611572265625
2474 0.24008750915527344
2456 0.1862049102783203
2456 0.07915496826171875
2456 0.04076957702636719
2456 0.14281272888183594
2456 0.012159347534179688
2456 0.13709068298339844
2456 0.03886222839355469
2456 0.16689300537109375
2456 0.010967254638671875
2456 0.3180503845214844
2456 0.3819465637207031
2456 0.024080276489257812
2456 0.11396408081054688
2456 0.347137451171875
2456 0.04506111145019531
2456 0.17261505126953125
2456 0.08296966552734375
2445 0.029087066650390625
2445 0.29015541076660156
2445 0.2300739288330078
2445 0.23102760314941406
2428 0.1068115234375
2420 0.13899803161621094
2409 0.17595291137695312
2409 0.1971721649169922
2404 0.3681182861328125
2401 0.11324882507324219
2401 0.3571510314941406
2401 0.07891654968261719
2398 0.1621246337890625
2398 0.22482872009277344
2398 0.2980232238769531
2398 0.1590251922607422
2398 0.19097328186035156
2383 0.23818016052246094
2381 0.07033348083496094
2381 0.022172927856445312
2381 0.10991096496582031
2378 0.052928924560546875
2378 0.05507469177246094
2378 0.1270771026611328
2378 0.34999847412109375
2373 0.14019012451171875
2373 0.225067138671875
2373 0.3368854522705078
2373 0.12111663818359375
2373 0.030994415283203125
2373 0.05412101745605469
2373 0.04887580871582031
2373 0.07486343383789062
2373 0.1609325408935547
2373 0.1277923583984375
2370 0.1609325408935547
2358 0.2040863037109375
2358 0.0629425048828125
2351 0.14209747314453125
2337 0.23889541625976562
2317 0.33092498779296875
2313 0.12493133544921875
2313 0.13017654418945312
2313 0.21409988403320312
2313 0.32591819763183594
2304 0.35309791564941406
2304 0.09608268737792969
2304 0.1220703125
2304 0.1049041748046875
2304 0.1647472381591797
2300 0.13375282287597656
2300 0.2319812774658203
2300 0.10895729064941406
2300 0.1659393310546875
2300 0.2589225769042969
2300 0.10800361633300781
2300 0.18215179443359375
2300 0.25916099548339844
2300 0.38504600524902344
2300 0.07605552673339844
2251 0.39076805114746094
2246 0.05412101745605469
2246 0.018835067749023438
2246 0.12993812561035156
2241 0.013113021850585938
2234 0.19598007202148438
2234 0.04291534423828125
2231 0.3590583801269531
2224 0.3750324249267578
2224 0.17499923706054688
2224 0.10800361633300781
2223 0.28014183044433594
2223 0.08678436279296875
2223 0.3037452697753906
2223 0.24390220642089844
2223 0.19884109497070312
2223 0.1499652862548828
2223 0.18405914306640625
2213 0.3910064697265625
2213 0.3299713134765625
2213 0.2410411834716797
2213 0.3960132598876953
2213 0.39196014404296875
2213 0.07605552673339844
2213 0.07891654968261719
2213 0.16689300537109375
2213 0.37288665771484375
2213 0.2040863037109375
2208 0.014066696166992188
2208 0.08988380432128906
2199 0.15687942504882812
2199 0.09012222290039062
2199 0.09918212890625
2199 0.16689300537109375
2199 0.13709068298339844
2199 0.324249267578125
2199 0.10919570922851562
2199 0.3020763397216797
2199 0.22912025451660156
2199 0.3948211669921875
2187 0.20194053649902344
2147 0.049114227294921875
2136 0.05507469177246094
2136 0.031948089599609375
2136 0.2942085266113281
2136 0.16021728515625
2136 0.3800392150878906
2136 0.15020370483398438
2136 0.186920166015625
2136 0.15115737915039062
2136 0.05984306335449219
2124 0.18906593322753906
2124 0.2701282501220703
2112 0.052928924560546875
2098 0.28705596923828125
2098 0.2257823944091797
2098 0.04792213439941406
2091 0.16307830810546875
2091 0.20813941955566406
2091 0.3559589385986328
2083 0.1289844512939453
2083 0.21696090698242188
2074 0.16069412231445312
2071 0.07796287536621094
2071 0.1761913299560547
2071 0.19812583923339844
2071 0.04410743713378906
2069 0.03409385681152344
2069 0.28204917907714844
2069 0.28705596923828125
2069 0.2002716064453125
2069 0.17189979553222656
2069 0.1289844512939453
2069 0.21505355834960938
2059 0.33092498779296875
2059 0.3199577331542969
2059 0.05412101745605469
2059 0.013113021850585938
2059 0.09918212890625
2059 0.3972053527832031
2059 0.3638267517089844
2041 0.35190582275390625
2041 0.19693374633789062
2035 0.24175643920898438
2035 0.13589859008789062
2035 0.07510185241699219
2035 0.29277801513671875
2035 0.14495849609375
2035 0.031948089599609375
2035 0.1800060272216797
2035 0.1418590545654297
2035 0.24080276489257812
2035 0.1049041748046875
2035 0.16307830810546875
2035 0.1628398895263672
2035 0.3707408905029297
2035 0.30994415283203125
2035 0.28896331787109375
2035 0.27489662170410156
2035 0.17309188842773438
1989 0.1678466796875
1989 0.0247955322265625
1989 0.11396408081054688
1989 0.3910064697265625
1989 0.005245208740234375
1978 0.270843505859375
1978 0.24199485778808594
1978 0.06508827209472656
1976 0.10895729064941406
1969 0.2639293670654297
1969 0.1220703125
1969 0.1380443572998047
1969 0.1842975616455078
1969 0.09107589721679688
1969 0.2810955047607422
1969 0.03409385681152344
1969 0.051975250244140625
1969 0.19407272338867188
1969 0.11086463928222656
1969 0.15282630920410156
1969 0.3731250762939453
1969 0.2052783966064453
1969 0.17905235290527344
1961 0.23031234741210938
1961 0.34618377685546875
1954 0.08130073547363281
1954 0.32210350036621094
1954 0.2110004425048828
1954 0.28204917907714844
1954 0.3750324249267578
1954 0.247955322265625
1944 0.13184547424316406
1944 0.2601146697998047
1944 0.058650970458984375
1935 0.050067901611328125
1935 0.26607513427734375
1935 0.012159347534179688
1922 0.3769397735595703
1922 0.2548694610595703
1918 0.2028942108154297
1918 0.09083747863769531
1918 0.18787384033203125
1918 0.3910064697265625
1915 0.28395652770996094
1915 0.23818016052246094
1915 0.18835067749023438
1913 0.17905235290527344
1894 0.31495094299316406
1894 0.17189979553222656
1884 0.12683868408203125
1884 0.03886222839355469
1884 0.14162063598632812
1879 0.3669261932373047
1879 0.09608268737792969
1879 0.0820159912109375
1879 0.24008750915527344
1879 0.08106231689453125
1879 0.370025634765625
1879 0.26297569274902344
1879 0.21409988403320312
1879 0.19693374633789062
1879 0.14281272888183594
1879 0.03314018249511719
1879 0.34809112548828125
1879 0.20003318786621094
1879 0.1430511474609375
1879 0.29587745666503906
1879 0.06794929504394531
1879 0.2880096435546875
1877 0.03504753112792969
1877 0.008106231689453125
1877 0.05412101745605469
1873 0.16498565673828125
1870 0.025987625122070312
1868 0.3180503845214844
1868 0.0209808349609375
1868 0.1430511474609375
1847 0.23698806762695312
1847 0.009298324584960938
1836 0.23603439331054688
1836 0.1380443572998047
1836 0.05888938903808594
1836 0.1399517059326172
1836 0.36907196044921875
1836 0.3571510314941406
1836 0.2262592315673828
1834 0.1373291015625
1834 0.19502639770507812
1832 0.2951622009277344
1822 0.12803077697753906
1822 0.0743865966796875
1822 0.17213821411132812
1822 0.03409385681152344
1818 0.029802322387695312
1818 0.15997886657714844
1818 0.12183189392089844
1818 0.33402442932128906
1814 0.11205673217773438
1813 0.1761913299560547
1813 0.1518726348876953
1813 0.10704994201660156
1807 0.2529621124267578
1807 0.2009868621826172
1793 0.05412101745605469
1780 0.3058910369873047
1780 0.15282630920410156
1780 0.28896331787109375
1767 0.21076202392578125
1767 0.2989768981933594
1767 0.24700164794921875
1767 0.39076805114746094
1765 0.04506111145019531
1765 0.32711029052734375
1762 0.09107589721679688
1762 0.37598609924316406
1762 0.2720355987548828
1762 0.19812583923339844
1757 0.2429485321044922
1757 0.057220458984375
1757 0.05412101745605469
1747 0.2779960632324219
1747 0.26917457580566406
1747 0.17499923706054688
1740 0.3650188446044922
1740 0.15091896057128906
1735 0.20813941955566406
1735 0.07605552673339844
1735 0.3159046173095703
1735 0.37097930908203125
1735 0.29397010803222656
1735 0.009059906005859375
1728 0.08511543273925781
1728 0.13399124145507812
1728 0.0059604644775390625
1728 0.3147125244140625
1728 0.22411346435546875
1728 0.015020370483398438
1722 0.1850128173828125
1722 0.06103515625
1722 0.11491775512695312
1709 0.335693359375
1709 0.22602081298828125
1706 0.3151893615722656
1706 0.3070831298828125
1706 0.18477439880371094
1705 0.21076202392578125
1705 0.08916854858398438
1705 0.18835067749023438
1705 0.3330707550048828
1705 0.1652240753173828
1705 0.00476837158203125
1704 0.05984306335449219
1698 0.35881996154785156
1698 0.06604194641113281
1698 0.27298927307128906
1692 0.32711029052734375
1692 0.22411346435546875
1692 0.1900196075439453
1692 0.2460479736328125
1692 0.3211498260498047
1692 0.4222393035888672
1692 0.15115737915039062
1692 0.16117095947265625
1692 0.2651214599609375
1692 0.08988380432128906
1692 0.016927719116210938
1686 0.0629425048828125
1682 0.03814697265625
1682 0.026226043701171875
1682 0.39505958557128906
1682 0.41604042053222656
1679 0.3497600555419922
1679 0.3829002380371094
1673 0.36907196044921875
1673 0.13899803161621094
1673 0.3478527069091797
1673 0.4010200500488281
1673 0.32711029052734375
1660 0.30493736267089844
1645 0.2129077911376953
1645 0.0171661376953125
1645 0.07295608520507812
1643 0.04982948303222656
1633 0.18787384033203125
1633 0.3802776336669922
1633 0.1990795135498047
1633 0.10514259338378906
1633 0.2288818359375
1633 0.051021575927734375
1629 0.052928924560546875
1629 0.24008750915527344
1627 0.1220703125
1616 0.06198883056640625
1616 0.08869171142578125
1616 0.35190582275390625
1616 0.030994415283203125
1616 0.06604194641113281
1616 0.1590251922607422
1610 0.2548694610595703
1610 0.2472400665283203
1610 0.14591217041015625
1610 0.037670135498046875
1610 0.2970695495605469
1598 0.3199577331542969
1598 0.1690387725830078
1598 0.06604194641113281
1598 0.270843505859375
1598 0.026941299438476562
1598 0.06985664367675781
1598 0.2837181091308594
1598 0.2002716064453125
1598 0.1201629638671875
1598 0.2181529998779297
1598 0.15497207641601562
1597 0.07796287536621094
1577 0.347137451171875
1577 0.25177001953125
1577 0.17905235290527344
1577 0.18286705017089844
1577 0.13589859008789062
1577 0.08916854858398438
1577 0.09775161743164062
1577 0.09918212890625
1577 0.14209747314453125
1574 0.19598007202148438
1570 0.1850128173828125
1570 0.10895729064941406
1570 0.22673606872558594
1570 0.10395050048828125
1570 0.04792213439941406
1570 0.05602836608886719
1570 0.027179718017578125
1565 0.23794174194335938
1565 0.04029273986816406
1565 0.13709068298339844
1565 0.2760887145996094
1565 0.2193450927734375
1565 0.1690387725830078
1562 0.3170967102050781
1562 0.019073486328125
1562 0.09918212890625
1562 0.10991096496582031
1562 0.010013580322265625
1556 0.2841949462890625
1556 0.20623207092285156
1556 0.15997886657714844
1556 0.08606910705566406
1556 0.15807151794433594
1556 0.13494491577148438
1556 0.3337860107421875
1556 0.3020763397216797
1553 0.04315376281738281
1553 0.04696846008300781
1553 0.3941059112548828
1546 0.10919570922851562
1546 0.05626678466796875
1546 0.017881393432617188
1546 0.2548694610595703
1546 0.23293495178222656
1546 0.3228187561035156
1546 0.23984909057617188
1546 0.34308433532714844
1544 0.07200241088867188
1544 0.25582313537597656
1544 0.1819133758544922
1544 0.15282630920410156
1544 0.026702880859375
1544 0.08606910705566406
1544 0.2741813659667969
1544 0.006198883056640625
1544 0.0591278076171875
1544 0.29087066650390625
1544 0.39005279541015625
1544 0.14901161193847656
1544 0.19598007202148438
1544 0.09489059448242188
1544 0.2930164337158203
1544 0.09679794311523438
1544 0.43487548828125
1544 0.2009868621826172
1544 0.10919570922851562
1541 0.2799034118652344
1541 0.12469291687011719
1541 0.39196014404296875
1541 0.008344650268554688
1541 0.010967254638671875
1541 0.07200241088867188
1541 0.07700920104980469
1541 0.3299713134765625
1541 0.125885009765625
1541 0.2219676971435547
1538 0.03504753112792969
1538 0.10633468627929688
1538 0.009059906005859375
1538 0.3209114074707031
1538 0.07796287536621094
1534 0.23794174194335938
1534 0.21028518676757812
1534 0.1900196075439453
1534 0.26702880859375
1534 0.4520416259765625
1534 0.07724761962890625
1534 0.07081031799316406
1534 0.07104873657226562
1534 0.331878662109375
1534 0.11897087097167969
1534 0.030994415283203125
1534 0.046253204345703125
1534 0.27179718017578125
1534 0.02193450927734375
1534 0.02288818359375
1534 0.06198883056640625
1534 0.25010108947753906
1534 0.2460479736328125
1534 0.3941059112548828
1529 0.2522468566894531
1529 0.26106834411621094
1529 0.1010894775390625
1529 0.2300739288330078
1494 0.5328655242919922
1494 0.3261566162109375
1494 0.052928924560546875
1494 0.47016143798828125
1494 0.1819133758544922
1494 0.3719329833984375
1494 0.3261566162109375
1483 0.3268718719482422
1483 0.09012222290039062
1483 0.5929470062255859
1483 0.051021575927734375
1483 0.19097328186035156
1483 0.02384185791015625
1483 0.37789344787597656
1478 0.31828880310058594
1470 0.5469322204589844
1467 0.3650188446044922
1467 0.4730224609375
1462 0.09179115295410156
1462 0.13375282287597656
1462 0.041961669921875
1462 0.3273487091064453
1462 0.030040740966796875
1462 0.12493133544921875
1462 0.0069141387939453125
1462 0.2951622009277344
1462 0.4038810729980469
1462 0.20194053649902344
1456 0.16617774963378906
1456 0.16880035400390625
1456 0.04291534423828125
1452 0.1289844512939453
1452 0.12803077697753906
1452 0.37026405334472656
1452 0.08797645568847656
1452 0.10013580322265625
1452 0.05125999450683594
1452 0.10395050048828125
1452 0.23794174194335938
1452 0.3230571746826172
1452 0.2951622009277344
1452 0.3662109375
1452 0.03814697265625
1452 0.39076805114746094
1452 0.04601478576660156
1452 0.3268718719482422
1452 0.18906593322753906
1452 0.1392364501953125
1452 0.23412704467773438
1452 0.23102760314941406
1443 0.1971721649169922
1443 0.053882598876953125
1443 0.03790855407714844
1441 0.0209808349609375
1437 0.15091896057128906
1437 0.3001689910888672
1429 0.37932395935058594
1429 0.2219676971435547
1429 0.07796287536621094
1429 0.032901763916015625
1429 0.25081634521484375
1421 0.3769397735595703
1421 0.34117698669433594
1421 0.09322166442871094
1421 0.20313262939453125
1421 0.3719329833984375
1421 0.34308433532714844
1421 0.2090930938720703
1421 0.2779960632324219
1421 0.2849102020263672
1421 0.3299713134765625
1421 0.3590583801269531
1421 0.2751350402832031
1421 0.11491775512695312
1421 0.3669261932373047
1421 0.370025634765625
1421 0.1010894775390625
1421 0.38313865661621094
1421 0.06699562072753906
1421 0.32806396484375
1421 0.19216537475585938
1421 0.32019615173339844
1421 0.4119873046875
1421 0.17786026000976562
1421 0.17714500427246094
1421 0.07009506225585938
1421 0.08320808410644531
1421 0.15783309936523438
1421 0.1919269561767578
1420 0.23317337036132812
1416 0.32806396484375
1416 0.2989768981933594
1416 0.3578662872314453
1416 0.22673606872558594
1416 0.125885009765625
1416 0.33473968505859375
1416 0.3619194030761719
1416 0.3173351287841797
1416 0.19693374633789062
1416 0.19979476928710938
1416 0.09489059448242188
1416 0.18405914306640625
1416 0.2639293670654297
1416 0.050067901611328125
1414 0.33402442932128906
1413 0.2129077911376953
1413 0.24509429931640625
1413 0.17213821411132812
1413 0.28777122497558594
1413 0.041961669921875
1413 0.3159046173095703
1413 0.35309791564941406
1413 0.33092498779296875
1413 0.18715858459472656
1413 0.1590251922607422
1413 0.25081634521484375
1413 0.3421306610107422
1413 0.37097930908203125
1413 0.12993812561035156
1386 0.14495849609375
1386 0.07104873657226562
1386 0.2338886260986328
1386 0.04076957702636719
1386 0.05698204040527344
1386 0.27108192443847656
1377 0.2219676971435547
1377 0.008821487426757812
1377 0.05698204040527344
1377 0.08988380432128906
1377 0.263214111328125
1377 0.34117698669433594
1377 0.16188621520996094
1377 0.07104873657226562
1353 0.2961158752441406
1353 0.2892017364501953
1353 0.09489059448242188
1353 0.19979476928710938
1353 0.09584426879882812
1353 0.03695487976074219
1353 0.3387928009033203
1353 0.225067138671875
1352 0.10228157043457031
1352 0.01621246337890625
1352 0.24700164794921875
1352 0.13709068298339844
1352 0.29015541076660156
1352 0.21791458129882812
1352 0.392913818359375
1351 0.4019737243652344
1351 0.010967254638671875
1351 0.06890296936035156
1351 0.010967254638671875
1351 0.06031990051269531
1351 0.3390312194824219
1351 0.3116130828857422
1347 0.12993812561035156
1347 0.1819133758544922
1343 0.11801719665527344
1343 0.2601146697998047
1327 0.164031982421875
1327 0.3948211669921875
1327 0.1819133758544922
1327 0.1671314239501953
1327 0.0152587890625
1327 0.247955322265625
1327 0.17881393432617188
1327 0.052928924560546875
1327 0.20194053649902344
1327 0.08821487426757812
1327 0.2498626708984375
1327 0.12183189392089844
1327 0.14400482177734375
1327 0.06508827209472656
1327 0.10633468627929688
1327 0.13327598571777344
1327 0.12612342834472656
