2017 1.4030933380126953
2017 0.21028518676757812
1967 0.125885009765625
1933 0.102996826171875
1924 0.06580352783203125
1913 0.13494491577148438
1909 0.2028942108154297
1894 0.20885467529296875
1894 0.11706352233886719
1891 0.24819374084472656
1882 0.1938343048095703
1868 0.12302398681640625
1868 0.09393692016601562
1847 0.4017353057861328
1842 0.04601478576660156
1804 0.22101402282714844
1804 0.1621246337890625
1804 0.10323524475097656
1797 0.18405914306640625
1785 0.027894973754882812
1785 0.06508827209472656
1785 0.012159347534179688
1779 0.07605552673339844
1769 0.16689300537109375
1739 0.016927719116210938
1709 0.1499652862548828
1709 0.11324882507324219
1696 0.1499652862548828
1668 0.08988380432128906
1668 0.08416175842285156
1660 0.14519691467285156
1660 0.06604194641113281
1658 0.10991096496582031
1658 0.0629425048828125
1636 0.10704994201660156
1636 0.11086463928222656
1636 0.026941299438476562
1591 0.03504753112792969
1568 0.15687942504882812
1546 0.015974044799804688
1531 0.022172927856445312
1522 0.15306472778320312
1522 0.17905235290527344
1522 0.11610984802246094
1512 0.06604194641113281
1512 0.07295608520507812
1495 0.16188621520996094
1490 0.11110305786132812
1490 0.032901763916015625
1422 0.03814697265625
1422 0.1461505889892578
1409 0.1499652862548828
1409 0.18668174743652344
1399 0.14495849609375
1399 0.024080276489257812
1399 0.1480579376220703
1384 0.13303756713867188
1378 0.10204315185546875
1364 0.18405914306640625
1358 0.1819133758544922
1357 0.20074844360351562
1357 0.09322166442871094
1357 0.07605552673339844
1332 0.05984306335449219
1332 0.1399517059326172
1332 0.016689300537109375
1332 0.04792213439941406
1332 0.17690658569335938
1311 0.08177757263183594
1311 0.19478797912597656
1311 0.0209808349609375
1311 0.08916854858398438
1311 0.13709068298339844
1311 0.19097328186035156
1311 0.11587142944335938
1311 0.18596649169921875
1297 0.1461505889892578
1292 0.02288818359375
1284 0.10967254638671875
1284 0.05888938903808594
1284 0.015020370483398438
1284 0.15211105346679688
1284 0.04410743713378906
1284 0.027894973754882812
1284 0.06580352783203125
1284 0.0069141387939453125
1284 0.023126602172851562
1281 0.16832351684570312
1281 0.0820159912109375
1273 0.2849102020263672
1273 0.1380443572998047
1241 0.20194053649902344
1241 0.11014938354492188
1241 0.06699562072753906
1241 0.02193450927734375
1241 0.024080276489257812
1241 0.08106231689453125
1241 0.05602836608886719
1241 0.09512901306152344
1236 0.08511543273925781
1236 0.10514259338378906
1236 0.08225440979003906
1236 0.1399517059326172
1236 0.20003318786621094
1236 0.16617774963378906
1236 0.07390975952148438
1228 0.02002716064453125
1228 0.12421607971191406
1217 0.11801719665527344
1217 0.14591217041015625
1217 0.064849853515625
1217 0.14472007751464844
1217 0.1800060272216797
1217 0.16808509826660156
1216 0.11491775512695312
1216 0.015974044799804688
1216 0.08606910705566406
1216 0.13685226440429688
1216 0.06866455078125
1216 0.18525123596191406
1216 0.017881393432617188
1216 0.1468658447265625
1216 0.12278556823730469
1195 0.14162063598632812
1195 0.19478797912597656
1195 0.014066696166992188
1194 0.09107589721679688
1194 0.18095970153808594
1187 0.09393692016601562
1185 0.15997886657714844
1172 0.19097328186035156
1167 0.10538101196289062
1167 0.07510185241699219
1167 0.017881393432617188
1167 0.09107589721679688
1167 0.11992454528808594
1167 0.08392333984375
1167 0.010013580322265625
1167 0.10180473327636719
1160 0.011205673217773438
1160 0.13899803161621094
1160 0.0362396240234375
1160 0.049114227294921875
1160 0.1697540283203125
1160 0.03695487976074219
1160 0.07677078247070312
1160 0.025033950805664062
1160 0.07176399230957031
1159 0.03409385681152344
1158 0.24700164794921875
1136 0.009298324584960938
1136 0.04410743713378906
1136 0.049114227294921875
1136 0.1289844512939453
1136 0.03409385681152344
1121 0.051975250244140625
1121 0.1590251922607422
1115 0.1289844512939453
1115 0.11897087097167969
1106 0.051975250244140625
1106 0.17380714416503906
1106 0.15997886657714844
1100 0.10919570922851562
1100 0.11801719665527344
1100 0.07510185241699219
1100 0.09298324584960938
1098 0.05221366882324219
1098 0.20194053649902344
1098 0.07891654968261719
1084 0.164031982421875
1070 0.06198883056640625
1070 0.12087821960449219
1067 0.008106231689453125
1064 0.080108642578125
1064 0.064849853515625
1064 0.15091896057128906
1064 0.024080276489257812
1064 0.06508827209472656
1064 0.1361370086669922
1064 0.0050067901611328125
1064 0.1308917999267578
1055 0.11110305786132812
1055 0.1971721649169922
1055 0.11706352233886719
1052 0.013828277587890625
1052 0.10704994201660156
1052 0.09393692016601562
1052 0.051021575927734375
1052 0.034809112548828125
1044 0.015735626220703125
1044 0.06079673767089844
1041 0.007867813110351562
1041 0.17380714416503906
1041 0.07605552673339844
1041 0.19598007202148438
1023 0.10704994201660156
1023 0.12493133544921875
1023 0.11086463928222656
1023 0.15115737915039062
1023 0.005245208740234375
1012 0.01811981201171875
1012 0.007867813110351562
1000 0.102996826171875
1000 0.06389617919921875
985 0.15926361083984375
985 0.14495849609375
985 0.11801719665527344
985 0.08106231689453125
985 0.03504753112792969
985 0.13017654418945312
985 0.051975250244140625
985 0.09679794311523438
985 0.11968612670898438
985 0.17905235290527344
985 0.055789947509765625
984 0.20503997802734375
984 0.12302398681640625
984 0.10180473327636719
984 0.025987625122070312
981 0.012159347534179688
981 0.07891654968261719
981 0.016927719116210938
981 0.15592575073242188
976 0.1800060272216797
976 0.16999244689941406
976 0.14901161193847656
976 0.11897087097167969
963 0.08797645568847656
963 0.04696846008300781
963 0.15687942504882812
963 0.0069141387939453125
963 0.026941299438476562
953 0.05412101745605469
953 0.1010894775390625
953 0.05793571472167969
953 0.10323524475097656
948 0.025987625122070312
948 0.18715858459472656
948 0.18215179443359375
948 0.04410743713378906
931 0.11229515075683594
931 0.06723403930664062
931 0.11515617370605469
931 0.15115737915039062
923 0.07510185241699219
923 0.010013580322265625
922 0.09417533874511719
919 0.07915496826171875
907 0.17833709716796875
907 0.06103515625
907 0.15807151794433594
907 0.09012222290039062
907 0.06127357482910156
907 0.010967254638671875
905 0.1938343048095703
905 0.16188621520996094
898 0.1430511474609375
898 0.08416175842285156
898 0.11014938354492188
892 0.1881122589111328
892 0.07295608520507812
892 0.030994415283203125
892 0.022172927856445312
892 0.005245208740234375
873 0.11014938354492188
873 0.18906593322753906
872 0.07081031799316406
866 0.041961669921875
866 0.13518333435058594
866 0.023126602172851562
866 0.171661376953125
866 0.0400543212890625
861 0.013113021850585938
861 0.10275840759277344
861 0.07510185241699219
861 0.06699562072753906
836 0.04887580871582031
836 0.1430511474609375
836 0.08797645568847656
836 0.051021575927734375
836 0.15878677368164062
836 0.07081031799316406
836 0.03695487976074219
836 0.09083747863769531
836 0.09179115295410156
828 0.10991096496582031
812 0.010967254638671875
812 0.07891654968261719
812 0.054836273193359375
812 0.03886222839355469
806 0.051021575927734375
806 0.10085105895996094
806 0.3311634063720703
799 0.0629425048828125
799 0.04410743713378906
799 0.07486343383789062
799 0.04982948303222656
793 0.14281272888183594
793 0.054836273193359375
793 0.13494491577148438
793 0.0247955322265625
793 0.1289844512939453
787 0.16427040100097656
787 0.16927719116210938
787 0.14901161193847656
787 0.04100799560546875
785 0.07915496826171875
785 0.03504753112792969
785 0.19097328186035156
785 0.18906593322753906
785 0.20599365234375
785 0.11801719665527344
785 0.19288063049316406
774 0.1049041748046875
774 0.11181831359863281
771 0.0858306884765625
771 0.07295608520507812
753 0.1418590545654297
753 0.1590251922607422
753 0.13184547424316406
753 0.11086463928222656
753 0.0069141387939453125
744 0.17213821411132812
744 0.17404556274414062
744 0.014066696166992188
744 0.036716461181640625
744 0.16379356384277344
744 0.1571178436279297
744 0.1690387725830078
744 0.07200241088867188
744 0.15306472778320312
743 0.15592575073242188
743 0.031948089599609375
743 0.029325485229492188
743 0.0438690185546875
743 0.07295608520507812
743 0.15997886657714844
743 0.034809112548828125
743 0.17309188842773438
743 0.18715858459472656
743 0.0629425048828125
743 0.10204315185546875
743 0.0400543212890625
743 0.09918212890625
743 0.05793571472167969
742 0.1239776611328125
739 0.11277198791503906
739 0.1609325408935547
739 0.00476837158203125
739 0.022172927856445312
739 0.03814697265625
739 0.19598007202148438
739 0.08606910705566406
739 0.046253204345703125
732 0.18787384033203125
732 0.0476837158203125
732 0.18095970153808594
732 0.17309188842773438
732 0.015974044799804688
732 0.1480579376220703
732 0.13518333435058594
732 0.064849853515625
732 0.011920928955078125
725 0.16999244689941406
725 0.16164779663085938
725 0.09799003601074219
725 0.051975250244140625
719 0.10514259338378906
719 0.07390975952148438
719 0.07295608520507812
719 0.0400543212890625
719 0.10609626770019531
719 0.1220703125
719 0.10991096496582031
719 0.0247955322265625
719 0.09489059448242188
719 0.05602836608886719
719 0.14281272888183594
719 0.07081031799316406
719 0.11682510375976562
719 0.16808509826660156
719 0.02193450927734375
719 0.10418891906738281
719 0.029087066650390625
713 0.1289844512939453
706 0.09703636169433594
700 0.16689300537109375
700 0.11086463928222656
700 0.14066696166992188
700 0.17690658569335938
700 0.11396408081054688
694 0.20694732666015625
694 0.13184547424316406
694 0.10514259338378906
694 0.10228157043457031
694 0.048160552978515625
691 0.11515617370605469
691 0.1938343048095703
691 0.08702278137207031
691 0.1609325408935547
691 0.12469291687011719
691 0.10919570922851562
691 0.14519691467285156
690 0.141143798828125
690 0.16999244689941406
690 0.14495849609375
686 0.15997886657714844
686 0.0858306884765625
686 0.01811981201171875
686 0.09489059448242188
682 0.02574920654296875
679 0.025987625122070312
679 0.04887580871582031
679 0.1780986785888672
674 0.06794929504394531
674 0.02574920654296875
674 0.13589859008789062
674 0.015735626220703125
674 0.11682510375976562
674 0.14901161193847656
674 0.1380443572998047
674 0.17595291137695312
674 0.051021575927734375
663 0.019073486328125
663 0.06413459777832031
663 0.13303756713867188
663 0.202178955078125
663 0.019073486328125
663 0.13303756713867188
663 0.13709068298339844
663 0.07724761962890625
663 0.012159347534179688
663 0.08106231689453125
663 0.20003318786621094
663 0.16689300537109375
663 0.186920166015625
663 0.06198883056640625
663 0.12803077697753906
663 0.014066696166992188
663 0.2040863037109375
663 0.06985664367675781
663 0.08678436279296875
663 0.13709068298339844
663 0.14925003051757812
663 0.024080276489257812
663 0.01811981201171875
663 0.10228157043457031
663 0.06198883056640625
659 0.19621849060058594
659 0.15592575073242188
659 0.08821487426757812
659 0.057220458984375
659 0.1652240753173828
657 0.14209747314453125
657 0.06222724914550781
657 0.005245208740234375
657 0.20933151245117188
651 0.20194053649902344
651 0.11277198791503906
651 0.18405914306640625
650 0.12183189392089844
650 0.1418590545654297
650 0.1957416534423828
646 0.09584426879882812
646 0.12373924255371094
646 0.06508827209472656
639 0.08106231689453125
639 0.10704994201660156
634 0.057697296142578125
634 0.06699562072753906
634 0.015974044799804688
634 0.019073486328125
634 0.07605552673339844
634 0.018358230590820312
634 0.02002716064453125
634 0.11920928955078125
634 0.1609325408935547
634 0.05507469177246094
634 0.07414817810058594
634 0.15592575073242188
631 0.19598007202148438
631 0.09608268737792969
631 0.0209808349609375
631 0.13899803161621094
631 0.2040863037109375
631 0.1838207244873047
631 0.16188621520996094
631 0.015020370483398438
631 0.048160552978515625
631 0.041961669921875
631 0.06699562072753906
631 0.14472007751464844
631 0.007867813110351562
631 0.1709461212158203
631 0.18095970153808594
631 0.07295608520507812
631 0.04982948303222656
631 0.10275840759277344
631 0.06103515625
631 0.10204315185546875
631 0.08225440979003906
631 0.1068115234375
631 0.04291534423828125
631 0.05602836608886719
631 0.041961669921875
631 0.06198883056640625
628 0.08296966552734375
628 0.1239776611328125
628 0.006198883056640625
628 0.03814697265625
628 0.13017654418945312
625 0.15425682067871094
625 0.11205673217773438
625 0.12278556823730469
625 0.04887580871582031
625 0.10323524475097656
625 0.049114227294921875
625 0.13899803161621094
625 0.15997886657714844
625 0.1571178436279297
625 0.14901161193847656
625 0.1709461212158203
625 0.1919269561767578
625 0.011920928955078125
625 0.07200241088867188
625 0.10800361633300781
625 0.0629425048828125
625 0.1327991485595703
625 0.05412101745605469
622 0.08082389831542969
622 0.11491775512695312
622 0.009059906005859375
622 0.004291534423828125
622 0.011920928955078125
622 0.15091896057128906
622 0.07104873657226562
622 0.04696846008300781
620 0.11301040649414062
620 0.06508827209472656
620 0.07390975952148438
614 0.18405914306640625
614 0.15997886657714844
614 0.10919570922851562
608 0.19097328186035156
608 0.1049041748046875
608 0.022172927856445312
608 0.1480579376220703
608 0.011920928955078125
608 0.06914138793945312
600 0.1900196075439453
600 0.015735626220703125
600 0.09799003601074219
600 0.10609626770019531
600 0.027894973754882812
600 0.18787384033203125
599 0.09894371032714844
599 0.102996826171875
599 0.1537799835205078
575 0.06604194641113281
575 0.015020370483398438
575 0.04601478576660156
575 0.1342296600341797
575 0.03719329833984375
575 0.1270771026611328
575 0.013113021850585938
575 0.13113021850585938
575 0.1800060272216797
575 0.10800361633300781
575 0.019073486328125
575 0.09703636169433594
575 0.022649765014648438
575 0.12493133544921875
575 0.16999244689941406
575 0.057220458984375
575 0.07915496826171875
573 0.11897087097167969
573 0.16498565673828125
573 0.08606910705566406
570 0.033855438232421875
563 0.06413459777832031
562 0.17690658569335938
562 0.02288818359375
562 0.13899803161621094
562 0.18286705017089844
562 0.17786026000976562
559 0.1747608184814453
559 0.10395050048828125
559 0.08702278137207031
559 0.025987625122070312
559 0.12230873107910156
559 0.019311904907226562
559 0.1270771026611328
559 0.19788742065429688
559 0.14901161193847656
557 0.05507469177246094
551 0.04029273986816406
551 0.14209747314453125
551 0.02002716064453125
551 0.048160552978515625
548 0.1049041748046875
548 0.029802322387695312
548 0.11086463928222656
548 0.08797645568847656
548 0.051021575927734375
548 0.18215179443359375
548 0.026226043701171875
548 0.030994415283203125
548 0.03528594970703125
548 0.08106231689453125
545 0.12111663818359375
543 0.1010894775390625
543 0.06604194641113281
543 0.11682510375976562
543 0.05125999450683594
543 0.031948089599609375
543 0.09179115295410156
543 0.19669532775878906
538 0.014781951904296875
538 0.008821487426757812
536 0.04100799560546875
536 0.1881122589111328
536 0.11682510375976562
536 0.09703636169433594
536 0.012874603271484375
536 0.16307830810546875
536 0.08893013000488281
524 0.06771087646484375
524 0.12278556823730469
524 0.17404556274414062
524 0.0152587890625
524 0.08296966552734375
524 0.16307830810546875
524 0.13494491577148438
524 0.05817413330078125
524 0.014066696166992188
524 0.0171661376953125
524 0.18095970153808594
516 0.10085105895996094
516 0.057220458984375
516 0.17309188842773438
516 0.046253204345703125
516 0.10609626770019531
516 0.09012222290039062
516 0.032901763916015625
516 0.04673004150390625
516 0.028848648071289062
510 0.14472007751464844
509 0.1850128173828125
509 0.11277198791503906
509 0.13065338134765625
509 0.1747608184814453
504 0.15211105346679688
504 0.047206878662109375
504 0.1220703125
504 0.007152557373046875
504 0.09799003601074219
504 0.011920928955078125
504 0.20885467529296875
503 0.17571449279785156
503 0.1049041748046875
503 0.1399517059326172
501 0.022649765014648438
501 0.125885009765625
501 0.1678466796875
501 0.19288063049316406
501 0.013828277587890625
501 0.10180473327636719
501 0.11086463928222656
501 0.1709461212158203
501 0.19025802612304688
501 0.09918212890625
501 0.06818771362304688
495 0.14734268188476562
495 0.11491775512695312
495 0.014781951904296875
495 0.15592575073242188
495 0.1270771026611328
495 0.09202957153320312
495 0.11801719665527344
490 0.1049041748046875
490 0.11110305786132812
490 0.03409385681152344
490 0.18215179443359375
490 0.015974044799804688
485 0.012159347534179688
485 0.07009506225585938
485 0.16498565673828125
485 0.03910064697265625
485 0.1010894775390625
482 0.16617774963378906
482 0.009775161743164062
482 0.06890296936035156
482 0.03600120544433594
482 0.13113021850585938
482 0.06890296936035156
480 0.09703636169433594
480 0.07128715515136719
480 0.009059906005859375
480 0.07915496826171875
480 0.08916854858398438
480 0.1499652862548828
480 0.07081031799316406
480 0.12373924255371094
480 0.14710426330566406
480 0.14781951904296875
480 0.13685226440429688
480 0.0591278076171875
480 0.12421607971191406
480 0.09512901306152344
480 0.1239776611328125
480 0.07891654968261719
480 0.102996826171875
480 0.19097328186035156
480 0.19216537475585938
480 0.13709068298339844
480 0.11396408081054688
480 0.09584426879882812
480 0.18787384033203125
480 0.036716461181640625
480 0.016927719116210938
480 0.1556873321533203
478 0.03504753112792969
478 0.03409385681152344
478 0.08702278137207031
478 0.08606910705566406
478 0.11801719665527344
478 0.06008148193359375
478 0.041961669921875
478 0.024080276489257812
478 0.1919269561767578
478 0.04267692565917969
473 0.07891654968261719
473 0.09799003601074219
473 0.09608268737792969
473 0.1819133758544922
473 0.08702278137207031
473 0.011682510375976562
473 0.050067901611328125
460 0.07390975952148438
460 0.18024444580078125
460 0.13375282287597656
460 0.06890296936035156
460 0.07081031799316406
460 0.07796287536621094
460 0.05316734313964844
460 0.1888275146484375
460 0.18405914306640625
460 0.019073486328125
460 0.18167495727539062
460 0.18596649169921875
460 0.04410743713378906
460 0.20623207092285156
460 0.11587142944335938
460 0.018835067749023438
460 0.0050067901611328125
460 0.03695487976074219
460 0.10013580322265625
460 0.03719329833984375
460 0.10013580322265625
460 0.16307830810546875
460 0.12087821960449219
460 0.18787384033203125
460 0.02384185791015625
460 0.1327991485595703
460 0.19478797912597656
460 0.07987022399902344
460 0.051975250244140625
460 0.20384788513183594
460 0.023126602172851562
460 0.10919570922851562
460 0.015020370483398438
460 0.13828277587890625
460 0.15997886657714844
460 0.05125999450683594
460 0.057220458984375
460 0.1342296600341797
460 0.01621246337890625
460 0.16307830810546875
460 0.16999244689941406
460 0.1361370086669922
460 0.14710426330566406
460 0.11706352233886719
460 0.11420249938964844
460 0.018358230590820312
460 0.09202957153320312
460 0.15807151794433594
460 0.1678466796875
460 0.19407272338867188
460 0.08988380432128906
460 0.01430511474609375
460 0.01811981201171875
460 0.07009506225585938
460 0.026226043701171875
460 0.12493133544921875
460 0.00476837158203125
460 0.06985664367675781
460 0.2009868621826172
459 0.04982948303222656
459 0.005245208740234375
459 0.19598007202148438
459 0.07295608520507812
459 0.1671314239501953
458 0.14901161193847656
458 0.16617774963378906
458 0.09703636169433594
458 0.11396408081054688
458 0.0209808349609375
458 0.07200241088867188
458 0.03886222839355469
458 0.10085105895996094
458 0.0820159912109375
458 0.057220458984375
458 0.17404556274414062
458 0.15091896057128906
458 0.13184547424316406
457 0.19669532775878906
457 0.1609325408935547
457 0.13017654418945312
457 0.15616416931152344
457 0.051975250244140625
457 0.06771087646484375
454 0.0782012939453125
454 0.02002716064453125
454 0.10228157043457031
454 0.10800361633300781
454 0.024080276489257812
454 0.17786026000976562
454 0.1437664031982422
454 0.04100799560546875
454 0.13899803161621094
454 0.17213821411132812
454 0.14710426330566406
454 0.04100799560546875
454 0.14591217041015625
454 0.1621246337890625
454 0.1289844512939453
454 0.064849853515625
454 0.12803077697753906
454 0.1499652862548828
454 0.08392333984375
447 0.16617774963378906
443 0.06699562072753906
443 0.08797645568847656
436 0.18095970153808594
436 0.16999244689941406
436 0.14591217041015625
436 0.11181831359863281
436 0.057697296142578125
436 0.07390975952148438
436 0.04506111145019531
436 0.11587142944335938
436 0.12111663818359375
436 0.034809112548828125
435 0.011920928955078125
435 0.20194053649902344
435 0.11277198791503906
435 0.07390975952148438
435 0.04076957702636719
435 0.09298324584960938
435 0.07605552673339844
435 0.05984306335449219
435 0.09179115295410156
435 0.09870529174804688
435 0.11587142944335938
435 0.047206878662109375
435 0.14090538024902344
435 0.10704994201660156
435 0.1850128173828125
435 0.02384185791015625
435 0.18310546875
435 0.048160552978515625
435 0.11205673217773438
435 0.17309188842773438
435 0.16498565673828125
435 0.1780986785888672
431 0.08606910705566406
431 0.102996826171875
431 0.11897087097167969
429 0.05984306335449219
427 0.08082389831542969
427 0.049114227294921875
427 0.09894371032714844
427 0.041961669921875
427 0.03218650817871094
427 0.07486343383789062
427 0.15401840209960938
427 0.11897087097167969
427 0.05316734313964844
427 0.04291534423828125
427 0.1888275146484375
427 0.08177757263183594
427 0.09512901306152344
427 0.1609325408935547
427 0.054836273193359375
427 0.19979476928710938
427 0.1800060272216797
427 0.10585784912109375
427 0.0209808349609375
427 0.03600120544433594
427 0.10609626770019531
427 0.26702880859375
427 0.15592575073242188
427 0.43702125549316406
427 0.01811981201171875
427 0.12183189392089844
427 0.347137451171875
427 0.035762786865234375
427 0.20265579223632812
427 0.20813941955566406
427 0.20694732666015625
427 0.10704994201660156
427 0.08225440979003906
427 0.18787384033203125
427 0.33402442932128906
427 0.09703636169433594
427 0.27298927307128906
427 0.2281665802001953
427 0.1780986785888672
427 0.2586841583251953
427 0.03933906555175781
427 0.26702880859375
427 0.23102760314941406
427 0.1621246337890625
427 0.3299713134765625
427 0.26106834411621094
427 0.05221366882324219
427 0.2551078796386719
427 0.2880096435546875
427 0.26297569274902344
427 0.20003318786621094
427 0.0362396240234375
427 0.025987625122070312
427 0.3008842468261719
427 0.28705596923828125
427 0.3662109375
427 0.4317760467529297
427 0.35691261291503906
427 0.15211105346679688
427 0.12302398681640625
427 0.33473968505859375
427 0.23293495178222656
427 0.33473968505859375
427 0.0209808349609375
427 0.07605552673339844
423 0.13589859008789062
423 0.3020763397216797
423 0.032901763916015625
423 0.30732154846191406
423 0.2541542053222656
423 0.17976760864257812
421 0.22125244140625
421 0.07486343383789062
421 0.06103515625
421 0.08440017700195312
421 0.2110004425048828
421 0.11897087097167969
421 0.20122528076171875
421 0.10919570922851562
417 0.28228759765625
417 0.013113021850585938
417 0.21982192993164062
417 0.03790855407714844
417 0.064849853515625
417 0.12803077697753906
417 0.06079673767089844
417 0.1289844512939453
417 0.06604194641113281
417 0.2551078796386719
417 0.08392333984375
417 0.1049041748046875
417 0.13899803161621094
417 0.09894371032714844
417 0.056743621826171875
417 0.22673606872558594
417 0.10013580322265625
417 0.041961669921875
417 0.08177757263183594
417 0.013828277587890625
417 0.051975250244140625
417 0.13709068298339844
417 0.11229515075683594
417 0.1499652862548828
410 0.053882598876953125
410 0.04506111145019531
405 0.05412101745605469
405 0.03504753112792969
405 0.11587142944335938
405 0.1709461212158203
405 0.03981590270996094
405 0.007867813110351562
405 0.1609325408935547
405 0.18525123596191406
405 0.06031990051269531
405 0.030040740966796875
405 0.016689300537109375
405 0.125885009765625
405 0.1780986785888672
405 0.014066696166992188
405 0.014066696166992188
405 0.2319812774658203
405 0.12493133544921875
