1193154 14894.972324371338
1193142 56.7018985748291
1193121 64.95118141174316
1193077 102.83088684082031
1193075 91.0332202911377
1193070 35.98213195800781
1193062 153.4888744354248
1193039 150.8162021636963
1193039 161.9272232055664
1193036 36.17978096008301
1193036 60.74094772338867
1193006 162.56189346313477
1193006 69.64302062988281
1193000 3.7641525268554688
1192998 109.72166061401367
1192970 155.3809642791748
1192969 58.799028396606445
1192969 45.120954513549805
1192969 11.73710823059082
1192959 153.48315238952637
1192959 69.50902938842773
1192921 47.11508750915527
1192921 103.07812690734863
1192921 2.5179386138916016
1192921 7.170200347900391
1192842 111.44304275512695
1192808 125.16283988952637
1192808 110.33201217651367
1192802 93.48201751708984
1192802 82.39483833312988
1192797 18.76211166381836
1192797 58.331966400146484
1192786 72.5550651550293
1192784 149.2002010345459
1192765 95.61014175415039
1192765 23.599863052368164
1192747 46.44131660461426
1192725 94.15698051452637
1192725 85.88385581970215
1192718 9.030818939208984
1192687 131.14500045776367
1192658 111.56415939331055
1192637 157.88006782531738
1192582 163.27810287475586
1192582 135.99300384521484
1192543 157.38701820373535
1192537 48.668861389160156
1192497 113.2059097290039
1192490 84.48004722595215
1192490 124.20010566711426
1192473 81.2530517578125
1192473 49.2711067199707
1192473 55.43398857116699
1192453 1.8448829650878906
1192442 68.4659481048584
1192442 134.68313217163086
1192442 111.5257740020752
1192442 153.50103378295898
1192442 96.5738296508789
1192442 57.47818946838379
1192382 34.876108169555664
1192382 39.630889892578125
1192382 46.87809944152832
1192364 133.71682167053223
1192364 163.6059284210205
1192358 89.21384811401367
1192314 159.2121124267578
1192314 59.0362548828125
1192262 51.3458251953125
1192262 79.1938304901123
1192237 141.90101623535156
1192237 71.5799331665039
1192228 19.28400993347168
1192228 139.02997970581055
1192215 73.0741024017334
1192215 80.41191101074219
1192188 140.51580429077148
1192188 7.6580047607421875
1192188 140.1529312133789
1192188 92.1790599822998
1192181 6.120920181274414
1192181 7.899999618530273
1192167 79.41985130310059
1192162 88.07086944580078
1192162 119.53616142272949
1192147 1.2841224670410156
1192116 160.05778312683105
1192116 7.167816162109375
1192116 32.4101448059082
1192107 4.882097244262695
1192107 3.144979476928711
1192102 24.48272705078125
1192080 85.77728271484375
1192080 143.16701889038086
1192021 38.977861404418945
1192021 19.294261932373047
1192021 114.66288566589355
1192003 96.35305404663086
1191987 95.27707099914551
1191986 27.109861373901367
1191986 65.21081924438477
1191980 41.85080528259277
1191930 73.64201545715332
1191907 102.50377655029297
1191880 106.63199424743652
1191871 156.1410427093506
1191842 113.36302757263184
1191839 119.82107162475586
1191839 49.72577095031738
1191839 135.56194305419922
1191814 180.42826652526855
1191810 53.88903617858887
1191806 11.511802673339844
1191798 61.222076416015625
1191791 135.13898849487305
1191791 104.28595542907715
1191791 33.31279754638672
1191791 162.3528003692627
1191785 35.09092330932617
1191785 155.2577018737793
1191785 113.98196220397949
1191773 9.902000427246094
1191773 144.9263095855713
1191755 81.27689361572266
1191736 77.57377624511719
1191736 65.93108177185059
1191700 163.08903694152832
1191700 174.87788200378418
1191700 112.63108253479004
1191700 52.18005180358887
1191642 139.0969753265381
1191624 34.36589241027832
1191624 35.91775894165039
1191624 41.120052337646484
1191624 9.764671325683594
1191624 83.14895629882812
1191624 2.2928714752197266
1191623 96.44389152526855
1191623 180.0088882446289
1191563 40.328264236450195
1191563 3.464937210083008
1191563 119.11916732788086
1191563 100.08978843688965
1191545 137.8958225250244
1191545 120.88298797607422
1191532 161.80872917175293
1191503 170.68982124328613
1191477 64.01610374450684
1191463 110.02802848815918
1191395 44.487953186035156
1191395 8.882999420166016
1191375 24.386882781982422
1191375 165.12727737426758
1191369 158.63704681396484
1191369 125.74219703674316
1191369 122.80488014221191
1191369 22.755861282348633
1191362 106.20999336242676
1191342 140.99931716918945
1191340 159.1811180114746
1191306 13.00501823425293
1191299 159.58285331726074
1191299 174.56793785095215
1191297 14.397144317626953
1191297 13.32998275756836
1191211 111.08136177062988
1191135 179.91876602172852
1191115 184.47208404541016
1191055 76.24292373657227
1191046 156.4798355102539
1190973 151.3369083404541
1190973 43.435096740722656
1190964 162.87922859191895
1190964 2.5436878204345703
1190956 139.57691192626953
1190956 205.66606521606445
1190944 184.29827690124512
1190934 9.424924850463867
1190934 191.09392166137695
1190892 46.0660457611084
1190874 31.4791202545166
1190874 1.48773193359375
1190868 37.75215148925781
1190868 59.83901023864746
1190822 93.97602081298828
1190801 135.66899299621582
1190801 91.34721755981445
1190801 132.93695449829102
1190801 65.1707649230957
1190787 3.74603271484375
1190787 137.17985153198242
1190787 106.74905776977539
1190733 154.5727252960205
1190703 177.94108390808105
1190703 78.72629165649414
1190703 158.88309478759766
1190684 70.15514373779297
1190684 111.88507080078125
1190684 2.354145050048828
1190627 76.24197006225586
1190624 215.81792831420898
1190624 71.63214683532715
1190602 72.59511947631836
1190590 42.138099670410156
1190590 115.0827407836914
1190573 131.5782070159912
1190573 94.92206573486328
1190563 156.06689453125
1190563 57.138919830322266
1190551 17.837047576904297
1190528 161.1950397491455
1190528 13.566017150878906
1190528 78.12190055847168
1190528 49.87907409667969
1190508 76.20811462402344
1190485 60.060977935791016
1190466 129.66513633728027
1190466 27.270793914794922
1190436 30.219078063964844
1190436 5.738019943237305
1190434 48.91610145568848
1190396 19.886016845703125
1190396 91.11785888671875
1190396 108.61539840698242
1190366 17.162799835205078
1190322 80.53398132324219
1190322 101.64403915405273
1190312 157.72294998168945
1190304 4.145145416259766
1190304 58.8529109954834
1190304 162.37401962280273
1190304 33.856868743896484
1190304 150.14314651489258
1190290 69.19074058532715
1190290 35.51006317138672
1190290 111.83905601501465
1190228 59.426069259643555
1190226 97.1682071685791
1190226 63.76290321350098
1190226 146.44193649291992
1190226 76.73382759094238
1190223 146.49176597595215
1190222 94.67387199401855
1190222 76.19500160217285
1190217 119.40217018127441
1190167 84.66291427612305
1190163 41.88108444213867
1190124 17.22407341003418
1190083 73.9600658416748
1190053 38.38801383972168
1190048 69.11301612854004
1189977 57.07597732543945
1189961 49.38387870788574
1189961 132.25769996643066
1189961 118.62993240356445
1189900 86.89093589782715
1189826 55.28593063354492
1189802 121.69313430786133
1189787 142.0137882232666
1189735 60.52398681640625
1189735 6.193876266479492
1189720 79.76722717285156
1189720 130.0673484802246
1189718 163.30814361572266
1189713 0.6730556488037109
1189705 30.242919921875
1189657 57.415008544921875
1189648 150.2070426940918
1189616 126.7242431640625
1189616 146.6999053955078
1189616 137.556791305542
1189589 28.432130813598633
1189589 54.86917495727539
1189583 75.9580135345459
1189583 106.82797431945801
1189583 147.51291275024414
1189532 135.68425178527832
1189508 131.43110275268555
1189508 101.79877281188965
1189507 87.17989921569824
1189507 147.4618911743164
1189487 46.73480987548828
1189474 67.12913513183594
1189474 19.510984420776367
1189473 24.576902389526367
1189473 54.83412742614746
1189448 88.90390396118164
1189427 101.44400596618652
1189401 79.72884178161621
1189396 148.4689712524414
1189380 18.842697143554688
1189368 152.96602249145508
1189368 150.99811553955078
1189368 74.07712936401367
1189331 44.37994956970215
1189331 135.61296463012695
1189323 36.15689277648926
1189323 94.83861923217773
1189300 63.886165618896484
1189300 96.59385681152344
1189300 111.32287979125977
1189292 134.48500633239746
1189292 121.35791778564453
1189280 89.00570869445801
1189280 24.12104606628418
1189277 129.97889518737793
1189277 160.8409881591797
1189244 23.504257202148438
1189244 94.58494186401367
1189244 116.1189079284668
1189202 111.10091209411621
1189184 2.9609203338623047
1189184 90.70706367492676
1189163 24.559736251831055
1189105 48.42114448547363
1189105 87.23831176757812
1189016 40.453195571899414
1188985 154.3741226196289
1188925 57.67035484313965
1188925 44.068098068237305
1188925 162.07098960876465
1188920 64.24188613891602
1188899 27.91309356689453
1188888 142.90928840637207
1188876 107.14221000671387
1188876 52.842140197753906
1188868 102.34212875366211
1188868 151.65972709655762
1188868 43.60318183898926
1188868 81.98094367980957
1188849 150.33602714538574
1188849 183.12597274780273
1188827 10.24627685546875
1188772 67.70706176757812
1188756 171.1881160736084
1188731 119.02689933776855
1188731 153.3660888671875
1188731 46.84805870056152
1188726 13.515949249267578
1188726 5.240917205810547
1188699 2.851247787475586
1188699 59.068918228149414
1188699 131.9119930267334
1188699 165.6210422515869
1188699 175.2321720123291
1188659 139.8451328277588
1188603 125.84185600280762
1188591 210.32190322875977
1188591 32.386064529418945
1188591 103.4250259399414
1188591 25.30694007873535
1188552 28.05805206298828
1188546 98.15812110900879
1188546 54.45504188537598
1188546 98.91080856323242
1188533 69.22507286071777
1188502 78.25899124145508
1188462 104.02917861938477
1188444 104.27212715148926
1188423 38.65790367126465
1188423 77.42691040039062
1188423 122.83802032470703
1188400 14.569997787475586
1188400 28.535127639770508
1188376 3.8089752197265625
1188335 7.759809494018555
1188335 100.82316398620605
1188335 33.689022064208984
1188305 135.5137825012207
1188305 16.293048858642578
1188305 23.74863624572754
1188305 109.9858283996582
1188239 23.6358642578125
1188239 8.87298583984375
1188239 2.8362274169921875
1188239 33.171892166137695
1188239 42.33717918395996
1188230 148.90003204345703
1188230 72.74603843688965
1188230 17.20905303955078
1188230 83.19497108459473
1188230 7.293939590454102
1188204 73.19808006286621
1188204 81.42209053039551
1188204 135.3769302368164
1188179 136.91186904907227
1188149 127.86602973937988
1188129 79.84805107116699
1188079 163.33913803100586
1188079 3.2570362091064453
1188046 76.57885551452637
1188021 131.68787956237793
1187983 147.28784561157227
1187963 59.98396873474121
1187963 110.84389686584473
1187963 100.98481178283691
1187949 137.39871978759766
1187911 132.38787651062012
1187911 147.16815948486328
1187911 143.4018611907959
1187895 16.670942306518555
1187894 109.47608947753906
1187887 31.898975372314453
1187887 141.6778564453125
1187887 16.076087951660156
1187871 121.03724479675293
1187836 31.509876251220703
1187827 65.40417671203613
1187827 98.50025177001953
1187824 85.12616157531738
1187817 126.4028549194336
1187788 114.5620346069336
1187776 115.01908302307129
1187776 158.90097618103027
1187736 125.5040168762207
1187730 23.620128631591797
1187730 126.59788131713867
1187730 153.56111526489258
1187715 146.4848518371582
1187712 111.75680160522461
1187712 24.64914321899414
1187712 104.5081615447998
1187712 8.28695297241211
1187712 78.56011390686035
1187700 31.62097930908203
1187700 132.5509548187256
1187684 187.6049041748047
1187664 5.555868148803711
1187664 9.669780731201172
1187664 78.27210426330566
1187658 81.7570686340332
1187652 30.48992156982422
1187652 0.9448528289794922
1187618 138.05198669433594
1187618 104.42018508911133
1187618 46.58985137939453
1187618 7.255077362060547
1187594 66.65492057800293
1187582 133.9709758758545
1187542 11.834859848022461
1187532 5.129098892211914
1187523 124.52387809753418
1187523 16.783714294433594
1187523 76.42579078674316
1187439 16.19720458984375
1187439 57.360172271728516
1187439 75.02532005310059
1187419 144.42706108093262
1187419 164.64996337890625
1187349 146.87395095825195
1187349 115.37981033325195
1187335 18.212080001831055
1187335 40.62080383300781
1187335 100.42285919189453
1187311 157.26685523986816
1187311 16.94488525390625
1187300 4.32586669921875
1187293 88.6697769165039
1187233 95.12591361999512
1187233 78.80091667175293
1187205 91.83096885681152
1187186 69.62704658508301
1187186 74.90420341491699
1187186 41.641950607299805
1187163 62.66498565673828
1187163 111.3429069519043
1187148 52.307844161987305
1187104 68.30000877380371
1187104 48.803091049194336
1187010 106.25100135803223
1187001 37.817955017089844
1187001 86.02285385131836
1187001 71.36797904968262
1187001 143.41497421264648
1186973 155.08103370666504
1186973 133.9890956878662
1186973 52.85000801086426
1186964 145.9360122680664
1186956 11.385917663574219
1186956 11.457204818725586
1186956 130.0179958343506
1186925 100.98505020141602
1186925 172.8229522705078
1186906 31.550884246826172
1186829 56.90312385559082
1186829 14.378786087036133
1186829 85.03007888793945
1186829 139.07670974731445
1186818 5.611896514892578
1186805 37.468910217285156
1186770 93.13797950744629
1186770 4.800081253051758
1186761 165.62914848327637
1186746 11.088848114013672
1186746 51.500797271728516
1186746 32.25588798522949
1186746 73.5931396484375
1186712 92.56601333618164
1186712 111.15694046020508
1186657 118.04914474487305
1186657 42.819976806640625
1186657 10.458230972290039
1186657 127.06184387207031
1186656 138.3962631225586
1186622 97.62310981750488
1186622 17.047882080078125
1186622 123.15678596496582
1186622 46.33808135986328
1186589 77.1949291229248
1186575 158.53476524353027
1186575 80.78384399414062
1186575 33.44106674194336
1186569 128.0510425567627
1186568 121.64115905761719
1186559 10.76507568359375
1186527 37.853240966796875
1186503 111.9227409362793
1186503 163.15269470214844
1186503 112.3969554901123
1186495 132.05599784851074
1186495 52.46615409851074
1186491 42.59085655212402
1186476 124.49097633361816
1186476 87.61763572692871
1186476 1.1909008026123047
1186430 177.57201194763184
1186430 196.60210609436035
1186380 156.5561294555664
1186343 100.73375701904297
1186343 162.7798080444336
1186343 70.52326202392578
1186343 98.67596626281738
1186331 71.03705406188965
1186331 54.05402183532715
1186331 23.550033569335938
1186308 86.62986755371094
1186308 2.232789993286133
1186281 164.4139289855957
1186281 106.25100135803223
1186273 117.98882484436035
1186229 33.11729431152344
1186162 20.43604850769043
1186162 86.5941047668457
1186140 149.75881576538086
1186140 154.2818546295166
1186140 137.0718479156494
1186140 114.29810523986816
1186138 207.78179168701172
1186049 30.88688850402832
1186049 95.92700004577637
1186049 21.479129791259766
1186049 117.69509315490723
1185996 92.41008758544922
1185996 106.66513442993164
1185996 142.20428466796875
1185989 84.77187156677246
1185989 157.26804733276367
1185989 103.22403907775879
1185989 80.95002174377441
1185989 149.62100982666016
1185989 136.3201141357422
1185989 19.722938537597656
1185957 2.676248550415039
1185957 66.86615943908691
1185957 150.87389945983887
1185917 146.87180519104004
1185917 111.6020679473877
1185873 94.06304359436035
1185865 122.8783130645752
1185856 152.6038646697998
1185807 104.19368743896484
1185754 157.883882522583
1185747 43.174028396606445
1185686 149.06907081604004
1185655 45.954227447509766
1185592 18.339872360229492
1185592 30.03215789794922
1185582 31.09908103942871
1185563 127.68316268920898
1185563 3.932952880859375
1185563 104.51912879943848
1185560 73.99201393127441
1185539 18.28312873840332
1185539 79.2238712310791
1185506 147.12905883789062
1185506 134.78517532348633
1185506 93.11485290527344
1185473 14.956951141357422
1185473 64.35704231262207
1185464 152.252197265625
1185455 66.62583351135254
1185449 40.9088134765625
1185449 158.09297561645508
1185431 168.96510124206543
1185409 4.805088043212891
1185390 157.43184089660645
1185390 22.78876304626465
1185386 63.13014030456543
1185386 67.55518913269043
1185380 174.2382049560547
1185380 169.23904418945312
1185380 186.19489669799805
1185380 39.47281837463379
1185357 97.6247787475586
1185302 63.33279609680176
1185273 73.17590713500977
1185273 34.108877182006836
1185271 65.0491714477539
1185245 155.48110008239746
1185237 122.23410606384277
1185237 124.86982345581055
1185237 70.39690017700195
1185237 22.513866424560547
1185237 136.92903518676758
1185237 15.294790267944336
1185237 102.40888595581055
1185179 82.70716667175293
1185142 124.76396560668945
1185131 58.84599685668945
1185127 95.3071117401123
1185124 64.88204002380371
1185124 147.72510528564453
1185117 90.15798568725586
1185096 41.68510437011719
1185096 20.07889747619629
1185096 97.93996810913086
1185096 147.09210395812988
1185023 100.58307647705078
1185011 130.14984130859375
1185011 48.64788055419922
1185011 121.29688262939453
1184956 45.01819610595703
1184956 18.34702491760254
1184956 93.38021278381348
1184942 44.49295997619629
1184942 143.42808723449707
1184942 66.88117980957031
1184937 165.5271053314209
1184935 102.19717025756836
1184935 4.782199859619141
1184935 59.19671058654785
1184903 72.51572608947754
1184889 49.616098403930664
1184889 85.47782897949219
1184881 67.84391403198242
1184881 84.197998046875
1184874 110.97002029418945
1184860 14.330863952636719
1184860 9.273052215576172
1184860 3.8938522338867188
1184818 168.86019706726074
1184818 105.35907745361328
1184818 41.3820743560791
1184813 124.12595748901367
1184813 21.494150161743164
1184813 110.46576499938965
1184813 35.23087501525879
1184757 129.36806678771973
1184698 143.9828872680664
1184673 19.051074981689453
1184673 48.371076583862305
1184636 70.16921043395996
1184604 79.07986640930176
1184604 21.350860595703125
1184596 131.20722770690918
1184566 104.73299026489258
1184554 25.996923446655273
1184522 0.8299350738525391
1184514 38.842201232910156
1184514 125.4129409790039
1184503 90.72709083557129
1184448 99.11608695983887
1184448 6.948947906494141
1184448 153.17702293395996
1184448 103.91783714294434
1184448 76.45702362060547
1184448 36.70501708984375
1184431 61.55705451965332
1184419 92.0259952545166
1184406 138.55600357055664
1184381 34.017086029052734
1184381 51.67412757873535
1184366 31.16607666015625
1184359 180.27591705322266
1184349 16.710996627807617
1184349 42.11997985839844
1184337 169.5859432220459
1184331 178.56931686401367
1184331 36.36884689331055
1184290 155.95698356628418
1184290 0.23818016052246094
1184274 115.54408073425293
1184274 44.15607452392578
1184260 5.198001861572266
1184260 12.07113265991211
1184225 143.86701583862305
1184221 20.961999893188477
1184194 79.35810089111328
1184145 123.20303916931152
1184107 159.40189361572266
1184107 102.88596153259277
1184102 69.580078125
1184082 0.26702880859375
1184082 161.15498542785645
1184077 24.851322174072266
1184077 154.6177864074707
1184077 62.232017517089844
1184077 158.91504287719727
1184077 104.72416877746582
1184077 3.2629966735839844
1184029 149.44791793823242
1184000 112.37883567810059
1183991 167.1748161315918
1183953 151.67903900146484
1183953 176.13601684570312
1183953 94.87700462341309
1183953 77.84223556518555
1183939 138.718843460083
1183933 163.70582580566406
1183912 112.4410629272461
1183886 16.78609848022461
1183886 61.38300895690918
1183886 112.49113082885742
1183886 17.199039459228516
1183886 60.72998046875
1183886 36.68022155761719
1183886 66.35689735412598
1183886 7.3070526123046875
1183848 151.8990993499756
1183848 72.93987274169922
1183848 20.531892776489258
1183848 120.81623077392578
1183832 171.00286483764648
1183812 36.89980506896973
1183812 27.035951614379883
1183804 76.94196701049805
1183804 149.61791038513184
1183800 142.97008514404297
1183800 51.26190185546875
1183800 77.78215408325195
1183800 82.15498924255371
1183800 9.66501235961914
1183800 150.39992332458496
1183792 58.39204788208008
1183792 122.85590171813965
1183791 5.080938339233398
1183791 153.05495262145996
1183748 100.70204734802246
1183748 87.81290054321289
1183748 24.091243743896484
1183744 28.220176696777344
1183744 182.10101127624512
1183744 21.30603790283203
1183744 103.54208946228027
1183744 110.08810997009277
1183744 50.41813850402832
1183744 5.366086959838867
1183739 149.07288551330566
1183731 72.83878326416016
1183731 142.76695251464844
1183720 46.10395431518555
1183702 18.052101135253906
1183702 123.94213676452637
1183702 114.39299583435059
1183662 42.65117645263672
1183647 14.354228973388672
1183647 13.555288314819336
1183621 159.13105010986328
1183603 2.7849674224853516
1183599 15.779972076416016
1183599 78.29093933105469
1183587 19.41204071044922
1183524 98.9689826965332
1183524 78.54890823364258
1183524 9.134054183959961
1183524 56.74600601196289
1183524 111.53888702392578
1183524 151.60274505615234
1183524 14.404773712158203
1183524 112.15806007385254
1183524 141.1752700805664
1183524 43.29991340637207
1183524 158.782958984375
1183524 147.28379249572754
1183472 26.932954788208008
1183472 47.58405685424805
1183472 75.82902908325195
1183472 40.695905685424805
1183440 155.89570999145508
1183440 48.28500747680664
1183440 88.57297897338867
1183426 163.99884223937988
1183426 95.17312049865723
1183426 7.578134536743164
1183426 29.679059982299805
1183426 115.71478843688965
1183426 142.2710418701172
1183426 19.028186798095703
1183400 27.904033660888672
1183397 21.022796630859375
1183397 90.78288078308105
1183321 102.95605659484863
1183321 138.8530731201172
1183310 59.31806564331055
1183277 46.95391654968262
1183277 90.63315391540527
1183270 58.21490287780762
1183259 3.113985061645508
1183259 97.37777709960938
1183227 7.519006729125977
1183153 122.82681465148926
1183108 83.45389366149902
1183108 148.15306663513184
1183108 14.973878860473633
1183108 133.05902481079102
1183044 132.8270435333252
1183039 14.638900756835938
1183024 145.96080780029297
1183024 87.43023872375488
1183018 18.236160278320312
1183018 60.159921646118164
1183010 1.750946044921875
1182979 137.79807090759277
1182954 88.39106559753418
1182954 156.62622451782227
1182916 41.83816909790039
1182916 4.944801330566406
1182904 142.3039436340332
1182904 59.14592742919922
1182904 17.67897605895996
1182904 113.93928527832031
1182904 123.42500686645508
1182904 110.73017120361328
1182902 4.407644271850586
1182891 66.21479988098145
1182880 58.02798271179199
1182880 129.27007675170898
1182880 151.23605728149414
1182879 132.55596160888672
1182840 23.06509017944336
1182840 12.89820671081543
1182818 115.53406715393066
1182818 103.0740737915039
1182805 85.8919620513916
1182775 128.71623039245605
1182775 28.18012237548828
1182775 13.578176498413086
1182735 135.8182430267334
1182710 147.12810516357422
1182710 138.12923431396484
1182710 70.55902481079102
1182710 23.19788932800293
1182710 165.10391235351562
1182708 114.72010612487793
1182708 97.88203239440918
1182686 85.41727066040039
1182686 173.0349063873291
1182686 135.3442668914795
1182675 7.220029830932617
1182675 172.72615432739258
1182590 12.881994247436523
1182556 65.70100784301758
1182540 170.32909393310547
1182518 105.42511940002441
1182518 4.521846771240234
1182463 2.6280879974365234
1182453 54.390907287597656
1182417 151.16596221923828
1182417 64.03994560241699
1182395 157.16981887817383
1182395 95.27325630187988
1182395 60.64200401306152
1182341 65.83189964294434
1182341 72.5407600402832
1182325 11.619091033935547
1182325 141.78919792175293
1182289 119.49396133422852
1182270 128.46112251281738
1182270 146.18492126464844
1182212 14.523983001708984
1182138 49.92175102233887
1182122 138.20815086364746
1182093 29.13379669189453
1182093 1.5828609466552734
1182093 91.53413772583008
1182093 115.67306518554688
1182093 40.26603698730469
1182031 153.43999862670898
1182031 7.784843444824219
1182031 104.07710075378418
1182022 112.23220825195312
1182008 76.70712471008301
1181942 117.2640323638916
1181918 90.27290344238281
1181918 49.749135971069336
1181918 152.17018127441406
1181892 133.76188278198242
1181872 0.9100437164306641
1181830 79.35094833374023
1181805 75.35624504089355
1181805 51.65290832519531
1181758 127.50077247619629
1181747 134.01389122009277
1181732 165.971040725708
1181732 22.476673126220703
1181718 27.958154678344727
1181706 7.711172103881836
1181706 87.86320686340332
1181685 60.92095375061035
1181685 113.77573013305664
1181685 142.5039768218994
1181666 110.91184616088867
1181666 171.8440055847168
1181666 83.42814445495605
1181656 100.30913352966309
1181620 98.98066520690918
1181620 131.57391548156738
1181609 92.17691421508789
1181609 91.88699722290039
1181578 20.5841064453125
1181550 108.8247299194336
1181495 29.15811538696289
1181492 166.26882553100586
1181492 72.33881950378418
1181492 24.424076080322266
1181488 41.872262954711914
1181488 38.6350154876709
1181488 57.87301063537598
1181488 70.8620548248291
1181467 99.6251106262207
1181443 11.961221694946289
1181425 170.4108715057373
1181422 42.098045349121094
1181422 27.014732360839844
1181422 116.79506301879883
1181412 137.87293434143066
1181408 136.1560821533203
1181408 58.197975158691406
1181408 130.91778755187988
1181408 122.85804748535156
1181408 6.426095962524414
1181405 86.72118186950684
1181334 88.63496780395508
1181334 81.74896240234375
1181334 139.26029205322266
1181334 130.18488883972168
1181331 62.13998794555664
1181331 78.46713066101074
1181331 101.16100311279297
1181288 145.097017288208
1181288 146.97599411010742
1181270 102.22792625427246
1181259 54.21710014343262
1181259 141.98994636535645
1181247 140.07282257080078
1181247 164.5817756652832
1181239 126.34110450744629
1181205 108.9777946472168
1181205 6.833314895629883
1181205 66.52212142944336
1181171 116.28603935241699
1181168 118.6220645904541
1181151 9.501934051513672
1181151 29.124021530151367
1181151 55.86576461791992
1181109 155.71880340576172
1181109 108.93106460571289
1181088 32.8679084777832
1181087 61.16294860839844
1181087 124.07207489013672
1181087 45.52769660949707
1181049 2.1882057189941406
1181049 70.04070281982422
1181049 44.293880462646484
1181032 157.52100944519043
1181016 59.46803092956543
1180953 122.45702743530273
1180947 74.47195053100586
1180937 124.75275993347168
1180908 60.38498878479004
1180883 81.9699764251709
1180850 5.284786224365234
1180832 118.45207214355469
1180829 159.56425666809082
1180783 155.7159423828125
1180783 32.07087516784668
1180758 18.80192756652832
1180711 76.95317268371582
1180705 27.843952178955078
1180705 29.457807540893555
1180676 93.85108947753906
1180660 131.56604766845703
1180660 3.6809444427490234
1180660 48.62213134765625
1180660 144.50979232788086
1180660 145.31421661376953
1180660 10.721921920776367
1180639 55.53793907165527
1180639 1.6779899597167969
1180639 73.81606101989746
1180594 158.0810546875
