73514 69.17595863342285
73457 2.2430419921875
73431 5.776166915893555
73431 6.712675094604492
73431 2.6030540466308594
73406 1.0318756103515625
73404 0.43582916259765625
73392 6.574153900146484
73392 0.3688335418701172
73385 0.14925003051757812
73324 3.248929977416992
73307 1.1980533599853516
73307 1.276254653930664
73278 3.5619735717773438
73276 3.184080123901367
73270 1.9540786743164062
73270 2.9489994049072266
73270 3.612041473388672
73215 1.580953598022461
73209 2.2258758544921875
73209 6.736278533935547
73209 0.43702125549316406
73209 2.180814743041992
73196 2.6178359985351562
73196 1.1932849884033203
73119 2.0890235900878906
73072 0.05507469177246094
73072 0.23508071899414062
73028 0.42891502380371094
73028 2.1109580993652344
73028 4.508256912231445
73028 2.3648738861083984
73028 2.559185028076172
73016 4.237174987792969
73014 6.30497932434082
73009 2.031087875366211
72994 2.732992172241211
72969 1.2102127075195312
72926 1.2640953063964844
72900 7.164955139160156
72897 2.026081085205078
72880 9.802103042602539
72868 6.681203842163086
72793 6.517648696899414
72793 4.257917404174805
72793 2.4521350860595703
72793 5.998849868774414
72724 7.104158401489258
72724 8.70823860168457
72724 5.3691864013671875
72698 2.691984176635742
72641 0.4851818084716797
72641 1.0972023010253906
72616 6.583929061889648
72591 2.9151439666748047
72591 4.909038543701172
72576 5.973100662231445
72576 3.2269954681396484
72576 0.6742477416992188
72576 4.325151443481445
72569 0.18978118896484375
72530 7.824182510375977
72487 1.7812252044677734
72483 6.626129150390625
72483 4.012107849121094
72466 2.810955047607422
72466 6.610393524169922
72466 3.9958953857421875
72463 0.7500648498535156
72463 5.250215530395508
72462 1.7442703247070312
72462 4.354953765869141
72435 0.1347064971923828
72435 3.687143325805664
72432 5.854129791259766
72432 4.039764404296875
72395 6.4907073974609375
72395 2.5038719177246094
72384 3.9360523223876953
72384 4.750728607177734
72353 1.316070556640625
72353 5.635976791381836
72311 1.947164535522461
72311 4.005908966064453
72311 3.358125686645508
72282 6.002902984619141
72233 5.470037460327148
72233 3.2231807708740234
72196 5.421161651611328
72160 1.1570453643798828
72111 0.3361701965332031
72111 0.9241104125976562
72058 0.4520416259765625
72058 4.408836364746094
72058 4.884243011474609
72021 6.408929824829102
72021 3.052949905395508
72003 1.4629364013671875
72003 1.2919902801513672
71985 1.0099411010742188
71985 3.526926040649414
71912 0.1709461212158203
71896 4.5108795166015625
71896 2.554178237915039
71896 1.0540485382080078
71862 1.6450881958007812
71821 6.125688552856445
71821 5.321979522705078
71799 1.3942718505859375
71780 2.807140350341797
71766 2.9969215393066406
71728 5.918979644775391
71711 0.9412765502929688
71711 6.464958190917969
71672 4.619121551513672
71672 3.0829906463623047
71666 2.6590824127197266
71666 5.238056182861328
71636 6.191015243530273
71636 6.494998931884766
71636 2.1209716796875
71636 0.2770423889160156
71636 1.2679100036621094
71632 1.8310546875
71618 3.428936004638672
71618 0.1537799835205078
71604 0.4589557647705078
71598 1.668691635131836
71598 0.6868839263916016
71533 2.293825149536133
71489 3.341197967529297
71479 2.187013626098633
71479 6.462812423706055
71479 6.051063537597656
71479 4.143953323364258
71479 0.308990478515625
71479 1.8949508666992188
71469 2.6459693908691406
71469 0.048160552978515625
71431 6.0710906982421875
71431 5.379199981689453
71431 1.4810562133789062
71431 3.1659603118896484
71430 4.925251007080078
71424 4.186153411865234
71424 1.6360282897949219
71412 0.9160041809082031
71403 5.169153213500977
71400 2.927064895629883
71399 5.2433013916015625
71399 4.287958145141602
71370 3.8700103759765625
71370 0.888824462890625
71370 1.5571117401123047
71370 4.642963409423828
71360 0.06580352783203125
71360 2.134084701538086
71348 0.8718967437744141
71328 1.821279525756836
71324 5.332231521606445
71298 5.133152008056641
71287 1.7061233520507812
71287 1.0402202606201172
71283 2.212047576904297
71283 5.9070587158203125
71283 0.14209747314453125
71267 5.334138870239258
71255 6.343841552734375
71228 1.2080669403076172
71205 4.678010940551758
71191 0.5688667297363281
71191 0.6239414215087891
71189 0.9429454803466797
71184 0.5409717559814453
71184 3.773927688598633
71134 3.4749507904052734
71134 1.7039775848388672
71112 5.177974700927734
71112 2.485990524291992
71112 1.4972686767578125
71104 1.3949871063232422
71104 2.1429061889648438
71102 4.4116973876953125
71102 3.0150413513183594
71095 3.9310455322265625
71095 2.3109912872314453
71095 4.5261383056640625
71095 4.761219024658203
71094 2.986907958984375
71068 4.312753677368164
71009 1.8248558044433594
71009 0.7910728454589844
70998 1.1560916900634766
70998 1.0988712310791016
70998 4.851818084716797
70998 6.421089172363281
70962 4.667997360229492
70935 2.1293163299560547
70923 0.6699562072753906
70889 5.666971206665039
70889 0.14781951904296875
70872 0.8633136749267578
70861 2.093076705932617
70837 4.683971405029297
70837 0.2639293670654297
70776 2.541780471801758
70776 1.8758773803710938
70776 2.073049545288086
70776 2.683877944946289
70747 4.134178161621094
70747 0.1239776611328125
70747 6.264686584472656
70738 6.194829940795898
70738 2.1800994873046875
70703 1.7712116241455078
70664 4.6520233154296875
70664 0.6740093231201172
70664 1.1510848999023438
70664 0.35572052001953125
70664 3.242969512939453
70656 5.918979644775391
70610 2.9497146606445312
70610 0.7598400115966797
70610 6.363868713378906
70609 1.028299331665039
70599 2.4209022521972656
70599 0.4799365997314453
70599 3.123760223388672
70583 6.432056427001953
70583 0.6787776947021484
70583 2.516031265258789
70583 3.1690597534179688
70583 2.621889114379883
70559 2.496004104614258
70559 2.804994583129883
70559 2.550840377807617
70559 0.4658699035644531
70485 2.134084701538086
70485 1.9440650939941406
70485 2.6941299438476562
70485 6.066799163818359
70470 3.4151077270507812
70464 4.402875900268555
70460 3.7467479705810547
70460 4.530191421508789
70433 1.3532638549804688
70413 6.073236465454102
70363 4.184722900390625
70353 2.86102294921875
70263 2.9599666595458984
70263 3.637075424194336
70247 1.5342235565185547
70205 3.3779144287109375
70188 4.144906997680664
70188 5.547046661376953
70131 6.287097930908203
70113 1.7910003662109375
70100 6.362199783325195
70095 1.7619132995605469
70095 3.407716751098633
70086 0.3402233123779297
70050 6.003856658935547
70050 3.7708282470703125
70050 5.518674850463867
70040 6.124973297119141
70017 6.348133087158203
70017 3.0846595764160156
69979 6.112813949584961
69956 6.329059600830078
69956 5.902767181396484
69955 6.206035614013672
69955 1.149892807006836
69955 1.9719600677490234
69909 3.3168792724609375
69882 5.061864852905273
69882 6.422996520996094
69804 5.04302978515625
69774 1.6720294952392578
69774 6.3018798828125
69747 0.7369518280029297
69747 5.98907470703125
69747 5.061864852905273
69726 4.619121551513672
69726 6.098031997680664
69726 2.2552013397216797
69726 6.864309310913086
69708 1.9562244415283203
69690 6.117820739746094
69690 8.629083633422852
69690 4.647970199584961
69672 7.455110549926758
69650 1.02996826171875
69650 1.5799999237060547
69650 4.045963287353516
69628 4.858255386352539
69628 5.041837692260742
69628 3.6439895629882812
69628 4.054784774780273
69578 3.4890174865722656
69578 3.6742687225341797
69578 7.220029830932617
69578 5.980253219604492
69578 1.0368824005126953
69545 4.030942916870117
69545 2.2280216217041016
69545 4.88591194152832
69545 4.950046539306641
69537 3.7920475006103516
69537 1.447916030883789
69537 7.508039474487305
69529 0.15163421630859375
69529 4.356145858764648
69529 4.4879913330078125
69526 0.8192062377929688
69500 0.2880096435546875
69500 5.825042724609375
69480 1.9001960754394531
69480 2.716064453125
69458 2.3419857025146484
69458 6.517171859741211
69458 0.10371208190917969
69457 2.73895263671875
69429 0.5199909210205078
69417 3.0379295349121094
69397 5.782842636108398
69397 0.7107257843017578
69388 5.151033401489258
69388 0.7450580596923828
69382 3.0210018157958984
69382 6.457805633544922
69377 1.8658638000488281
69377 2.275228500366211
69367 6.199121475219727
69330 3.4308433532714844
69330 0.8330345153808594
69330 1.561880111694336
69323 1.7940998077392578
69323 6.323099136352539
69311 6.40416145324707
69311 1.687765121459961
69279 4.441976547241211
69270 5.910158157348633
69270 1.9867420196533203
69270 0.598907470703125
69270 5.429983139038086
69270 6.344318389892578
69244 4.59599494934082
69240 3.2100677490234375
69240 4.590034484863281
69240 5.0830841064453125
69203 2.048015594482422
69203 2.685070037841797
69201 5.3539276123046875
69201 2.214193344116211
69190 3.0007362365722656
69184 4.585981369018555
69184 2.187013626098633
69184 1.7902851104736328
69180 4.393100738525391
69147 5.872249603271484
69147 2.397775650024414
69147 3.335237503051758
69144 1.277923583984375
69144 3.432035446166992
69125 3.877878189086914
69109 0.6611347198486328
69109 3.8471221923828125
69109 6.008148193359375
69070 3.3369064331054688
69045 1.5170574188232422
69045 0.6871223449707031
69036 1.2018680572509766
69033 5.276203155517578
69033 0.9629726409912109
69033 3.3011436462402344
69033 4.269838333129883
69033 0.4811286926269531
69033 5.649805068969727
69033 3.3020973205566406
69033 4.687070846557617
69033 3.489971160888672
69033 1.4679431915283203
69033 3.7419795989990234
69033 6.455183029174805
69021 2.3267269134521484
69011 6.06083869934082
68999 1.5900135040283203
68990 6.365060806274414
68972 5.437374114990234
68972 4.668951034545898
68972 3.9169788360595703
68972 3.1409263610839844
68970 3.504037857055664
68962 5.953073501586914
68954 5.151033401489258
68954 0.3719329833984375
68954 6.054162979125977
68940 1.6129016876220703
68940 2.9058456420898438
68940 1.7819404602050781
68884 3.9200782775878906
68874 4.064083099365234
68867 5.51605224609375
68831 0.4227161407470703
68807 5.766153335571289
68807 6.009817123413086
68807 3.5848617553710938
68777 4.411935806274414
68776 4.976749420166016
68763 3.0548572540283203
68737 0.06508827209472656
68729 5.91278076171875
68707 3.350973129272461
68707 2.042055130004883
68661 0.1888275146484375
68641 1.8019676208496094
68641 2.8700828552246094
68629 0.16689300537109375
68611 5.547046661376953
68611 1.544952392578125
68611 1.8508434295654297
68611 2.8989315032958984
68596 5.7239532470703125
68596 5.778074264526367
68596 4.810810089111328
68588 8.219718933105469
68588 6.632804870605469
68574 8.401870727539062
68556 2.5148391723632812
68556 0.286102294921875
68556 3.908872604370117
68556 0.8220672607421875
68556 8.862018585205078
68556 1.5130043029785156
68551 3.2482147216796875
68551 4.348039627075195
68551 4.426717758178711
68544 7.093191146850586
68544 2.850055694580078
68514 6.61921501159668
68514 4.383087158203125
68486 4.786252975463867
68471 5.935192108154297
68471 5.430698394775391
68469 1.3680458068847656
68461 3.862142562866211
68461 0.9279251098632812
68441 3.6869049072265625
68441 0.29206275939941406
68419 0.7660388946533203
68348 7.3070526123046875
68348 2.8600692749023438
68346 3.5049915313720703
68346 5.240201950073242
68323 7.456064224243164
68303 2.8831958770751953
68303 1.9769668579101562
68303 0.8530616760253906
68257 4.995107650756836
68257 4.793882369995117
68250 5.276203155517578
68246 6.396293640136719
68246 3.8461685180664062
68246 2.4623870849609375
68213 3.5338401794433594
68213 0.4100799560546875
68213 5.681037902832031
68189 5.070924758911133
68181 3.410816192626953
68140 3.2570362091064453
68140 0.4181861877441406
68140 4.867076873779297
68137 4.482030868530273
68137 2.3849010467529297
68128 3.9832592010498047
68128 3.9780139923095703
68123 4.648923873901367
68074 2.5358200073242188
68067 0.4749298095703125
68067 1.1169910430908203
68067 1.3360977172851562
68037 2.531766891479492
68037 1.1088848114013672
68037 3.1120777130126953
68012 1.6529560089111328
68003 5.569219589233398
67985 1.1048316955566406
67982 1.341104507446289
67982 3.3779144287109375
67968 1.3611316680908203
67945 0.5810260772705078
67922 6.192922592163086
67922 4.327297210693359
67922 1.7192363739013672
67922 5.219697952270508
67919 1.1780261993408203
67919 5.299091339111328
67899 4.704952239990234
67899 5.897998809814453
67886 2.760171890258789
67886 1.6660690307617188
67886 0.7927417755126953
67885 4.994869232177734
67885 4.852056503295898
67860 4.230260848999023
67860 1.7459392547607422
67860 5.930900573730469
67860 4.333019256591797
67830 5.594968795776367
67827 0.3352165222167969
67800 5.211830139160156
67800 3.6940574645996094
67800 2.988100051879883
67800 3.448009490966797
67800 0.22602081298828125
67800 1.007080078125
67800 1.0030269622802734
67787 6.247758865356445
67787 5.240917205810547
67787 3.911256790161133
67787 1.2438297271728516
67786 1.7011165618896484
67744 6.274938583374023
67723 4.230022430419922
67717 0.7939338684082031
67717 1.1448860168457031
67717 5.432844161987305
67717 4.548072814941406
67704 2.485990524291992
67704 1.542806625366211
67704 8.047103881835938
67686 4.32586669921875
67680 3.214120864868164
67680 3.4902095794677734
67680 2.8581619262695312
67680 3.1130313873291016
67671 0.0820159912109375
67662 2.7549266815185547
67662 1.9741058349609375
67653 1.895904541015625
67642 4.436969757080078
67614 7.163047790527344
67614 3.7870407104492188
67609 2.154111862182617
67609 0.21195411682128906
67609 2.0139217376708984
67609 4.624128341674805
67552 3.606081008911133
67523 1.4510154724121094
67523 1.1548995971679688
67521 5.822181701660156
67521 2.696990966796875
67521 0.10704994201660156
67521 3.8700103759765625
67521 1.7521381378173828
67513 1.238107681274414
67464 6.517171859741211
67430 6.088972091674805
67430 2.6280879974365234
67430 1.6219615936279297
67424 0.9877681732177734
67424 6.742715835571289
67413 4.523992538452148
67413 3.80706787109375
67409 3.484964370727539
67406 2.6979446411132812
67385 5.245208740234375
67352 4.118204116821289
67328 5.129814147949219
67326 5.483865737915039
67315 1.6090869903564453
67269 2.8150081634521484
67247 3.306865692138672
67246 5.137920379638672
67229 1.8870830535888672
67229 2.749919891357422
67229 2.5789737701416016
67203 5.970239639282227
67203 6.039142608642578
67137 2.5911331176757812
67137 6.330251693725586
67110 2.300262451171875
67110 3.256082534790039
67110 2.3870468139648438
67110 4.047155380249023
67110 4.766941070556641
67098 5.539894104003906
67098 6.542205810546875
67098 1.1420249938964844
67098 0.2932548522949219
67074 9.216070175170898
67047 2.57110595703125
67047 2.763986587524414
66974 6.39796257019043
66961 1.3399124145507812
66951 3.1862258911132812
66951 3.3321380615234375
66902 3.8819313049316406
66891 3.930807113647461
66891 1.1141300201416016
66891 2.4051666259765625
66891 0.8189678192138672
66891 0.9260177612304688
66865 1.0080337524414062
66810 5.156040191650391
66747 5.199909210205078
66747 0.15020370483398438
66714 3.6478042602539062
66688 6.302356719970703
66663 5.3539276123046875
66655 0.3509521484375
66655 2.9311180114746094
66655 2.3560523986816406
66655 1.9860267639160156
66655 5.614042282104492
66655 0.3769397735595703
66655 3.9229393005371094
66644 0.12993812561035156
66623 6.3190460205078125
66607 0.8981227874755859
66607 0.7638931274414062
66607 3.8537979125976562
66589 2.8553009033203125
66577 5.497932434082031
66577 4.456996917724609
66577 1.608133316040039
66539 5.680084228515625
66510 2.4399757385253906
66506 0.3800392150878906
66505 4.568815231323242
66505 2.7849674224853516
66482 2.477884292602539
66482 3.2339096069335938
66482 1.9299983978271484
66482 6.28209114074707
66482 5.903720855712891
66482 4.111051559448242
66468 4.731178283691406
66461 4.251003265380859
66461 4.637956619262695
66461 3.6678314208984375
66461 2.536296844482422
66431 6.001949310302734
66421 5.203008651733398
66413 5.91731071472168
66413 5.890130996704102
66391 4.9228668212890625
66391 1.62506103515625
66391 2.106189727783203
66391 0.13780593872070312
66385 2.736806869506836
66381 5.439043045043945
66357 1.708984375
66357 0.5459785461425781
66357 4.019975662231445
66350 1.6109943389892578
66310 0.6799697875976562
66310 5.964756011962891
66272 1.8498897552490234
66262 2.335071563720703
66262 4.497289657592773
66252 6.308078765869141
66238 5.759000778198242
66238 2.4919509887695312
66215 5.693912506103516
66215 3.6301612854003906
66215 0.028133392333984375
66190 2.439737319946289
66182 4.883050918579102
66182 1.0480880737304688
66181 2.432107925415039
66095 3.606081008911133
66095 5.172014236450195
66095 2.8870105743408203
66095 0.37407875061035156
66095 0.15592575073242188
66069 3.9169788360595703
66063 0.23293495178222656
66051 6.25300407409668
66045 1.9469261169433594
66045 0.637054443359375
66045 3.0028820037841797
66032 4.287958145141602
66028 1.2891292572021484
66007 2.727031707763672
66007 6.922006607055664
66000 0.12302398681640625
65990 2.007722854614258
65990 4.041910171508789
65959 0.05412101745605469
65959 1.9121170043945312
65918 2.130270004272461
65918 0.5881786346435547
65918 0.640869140625
65892 5.4111480712890625
65874 1.1970996856689453
65874 3.5970211029052734
65861 3.6499500274658203
65861 2.610921859741211
65856 3.7920475006103516
65856 0.888824462890625
65815 2.145051956176758
65801 0.6799697875976562
65753 5.121707916259766
65747 2.5916099548339844
65747 3.3779144287109375
65747 2.4793148040771484
65747 0.6341934204101562
65747 2.5720596313476562
65747 0.49805641174316406
65745 2.544879913330078
65733 5.832910537719727
65731 1.1370182037353516
65731 0.18835067749023438
65721 1.0728836059570312
65721 2.5680065155029297
65721 0.5581378936767578
65721 6.592988967895508
65721 4.307985305786133
65717 1.4348030090332031
65688 6.594657897949219
65679 3.559112548828125
65675 6.236791610717773
65675 1.4491081237792969
65675 0.1270771026611328
65669 4.920005798339844
65669 0.10991096496582031
65669 7.1048736572265625
65669 8.507966995239258
65669 2.3229122161865234
65669 6.219148635864258
65660 5.1403045654296875
65660 1.7049312591552734
65644 4.421234130859375
65644 8.718013763427734
65594 1.8489360809326172
65594 0.6721019744873047
65593 3.7369728088378906
65556 3.4329891204833984
65556 0.9522438049316406
65556 1.7447471618652344
65556 0.033855438232421875
65556 0.7441043853759766
65548 6.379842758178711
65548 6.182193756103516
65548 1.4541149139404297
65541 4.613161087036133
65541 4.597902297973633
65541 2.244710922241211
65541 3.9510726928710938
65523 3.7517547607421875
65523 4.593133926391602
65483 1.5060901641845703
65483 0.9732246398925781
65483 3.988027572631836
65483 4.001140594482422
65483 0.2307891845703125
65483 2.621173858642578
65449 4.701852798461914
65449 5.6362152099609375
65413 1.7240047454833984
65409 0.8869171142578125
65409 5.312919616699219
65352 4.382848739624023
65352 4.205942153930664
65349 5.386114120483398
65349 1.9440650939941406
65293 3.6668777465820312
65276 1.6989707946777344
65260 0.46324729919433594
65260 3.6771297454833984
65256 1.2438297271728516
65223 5.027055740356445
65223 6.296873092651367
65223 6.346940994262695
65223 1.9671916961669922
65223 2.162933349609375
65223 0.43201446533203125
65205 2.379894256591797
65179 2.870798110961914
65159 2.688884735107422
65159 3.203868865966797
65159 5.983114242553711
65159 0.1499652862548828
65154 4.46319580078125
65154 3.921985626220703
65154 1.86920166015625
65144 2.4878978729248047
65120 1.1179447174072266
65120 3.3783912658691406
65120 0.5781650543212891
65114 1.9600391387939453
65114 4.623889923095703
65114 1.8661022186279297
65114 3.9663314819335938
65114 0.8568763732910156
65096 4.571199417114258
65096 1.2569427490234375
65092 2.496957778930664
65092 1.516103744506836
65073 4.405021667480469
65037 3.351926803588867
65011 5.037069320678711
65002 0.3001689910888672
65002 1.5969276428222656
65002 4.714012145996094
65002 4.834175109863281
65002 1.5339851379394531
64973 1.085042953491211
64952 2.8998851776123047
64925 0.5183219909667969
64925 4.597902297973633
64908 5.541086196899414
64908 4.679203033447266
64905 5.363941192626953
64879 5.537986755371094
64879 0.6139278411865234
64879 0.03218650817871094
64879 6.232261657714844
64836 2.831697463989258
64836 3.7429332733154297
64827 4.148244857788086
64809 3.574848175048828
64805 0.08797645568847656
64801 5.62286376953125
64747 5.957126617431641
64736 4.538774490356445
64736 2.190113067626953
64736 6.09898567199707
64736 0.6279945373535156
64736 4.699945449829102
64736 2.3407936096191406
64736 3.7691593170166016
64714 4.166126251220703
64714 1.1310577392578125
64714 2.4881362915039062
64714 3.9327144622802734
64714 6.150245666503906
64714 0.41985511779785156
64684 4.051923751831055
64680 4.617929458618164
64680 5.791902542114258
64680 3.9398670196533203
64666 3.9179325103759766
64655 1.5573501586914062
64651 0.6868839263916016
64651 5.942106246948242
64651 5.333900451660156
64651 2.5768280029296875
64651 0.9598731994628906
64642 3.8170814514160156
64642 6.469011306762695
64642 3.6678314208984375
64629 3.7500858306884766
64629 1.5959739685058594
64577 3.9222240447998047
64577 3.1168460845947266
64577 5.9051513671875
64485 1.0662078857421875
64485 2.93731689453125
64457 0.55694580078125
64437 6.250143051147461
64425 3.4530162811279297
64401 5.375862121582031
64401 2.0771026611328125
64401 0.009775161743164062
64394 4.672050476074219
64379 2.0220279693603516
64379 5.8460235595703125
64330 3.2498836517333984
64330 0.6940364837646484
64330 1.0271072387695312
64330 0.6639957427978516
64330 6.529092788696289
64295 4.240989685058594
64295 5.239009857177734
64295 4.078865051269531
64295 6.415128707885742
64295 4.832029342651367
64288 2.4449825286865234
64277 1.3000965118408203
64277 5.527019500732422
64248 2.6121139526367188
64248 4.025697708129883
64220 4.997968673706055
64220 1.641988754272461
64218 0.48279762268066406
64187 0.3819465637207031
64187 4.947900772094727
64185 1.024007797241211
64171 2.566099166870117
64171 0.2751350402832031
64151 2.3610591888427734
64151 4.759073257446289
64151 4.842996597290039
64151 3.1919479370117188
64142 2.1979808807373047
64142 6.506919860839844
64133 5.686044692993164
64133 5.069732666015625
64133 1.9512176513671875
64133 2.5887489318847656
64112 5.640983581542969
64112 6.249904632568359
64112 0.7259845733642578
64112 3.021240234375
64112 1.5609264373779297
64112 0.9739398956298828
64062 0.5266666412353516
64062 4.286050796508789
64062 4.055976867675781
64055 3.0450820922851562
64055 5.695343017578125
64055 0.5638599395751953
64051 1.3718605041503906
64045 6.279945373535156
64045 5.990028381347656
64037 3.4110546112060547
63983 5.11622428894043
63980 5.388736724853516
63969 6.556034088134766
63969 1.5187263488769531
63907 5.621194839477539
63893 1.0120868682861328
63893 4.189968109130859
63893 4.977941513061523
63893 6.152868270874023
63893 2.4509429931640625
63893 0.2460479736328125
63877 4.6672821044921875
63828 0.8330345153808594
63811 0.06103515625
63803 5.933046340942383
63803 6.494998931884766
63803 0.347137451171875
63803 2.5060176849365234
63803 3.4332275390625
63803 1.2407302856445312
63803 5.296945571899414
63803 3.9958953857421875
63803 1.5213489532470703
63803 3.0248165130615234
63767 3.637075424194336
63742 4.808902740478516
63701 3.9038658142089844
63679 1.5082359313964844
63660 3.858804702758789
63660 1.5501976013183594
63660 4.819154739379883
63660 4.410982131958008
63660 1.8889904022216797
63660 2.457141876220703
63618 3.843069076538086
63618 1.9710063934326172
63618 2.998828887939453
63610 7.696866989135742
63585 1.9750595092773438
63573 1.0769367218017578
63573 6.541013717651367
63573 5.935907363891602
63532 3.6139488220214844
63532 2.4950504302978516
63532 3.009796142578125
63532 3.409862518310547
63532 1.2030601501464844
63499 6.289005279541016
63476 6.531000137329102
63474 6.14476203918457
63459 0.11229515075683594
63456 1.8649101257324219
63454 5.797863006591797
63431 2.3670196533203125
63431 1.7158985137939453
63431 0.6709098815917969
63427 2.5453567504882812
63419 2.03704833984375
63413 3.625154495239258
63368 2.1371841430664062
63368 5.224943161010742
63368 4.844903945922852
63355 3.515005111694336
63355 1.0879039764404297
63336 1.4851093292236328
63307 0.6451606750488281
63285 2.6128292083740234
63285 1.6260147094726562
63255 1.077890396118164
63239 2.3720264434814453
63239 3.651142120361328
63239 3.7178993225097656
63239 2.8727054595947266
63235 0.8130073547363281
63235 4.633188247680664
63235 2.9418468475341797
63235 1.725912094116211
63235 0.5519390106201172
63235 1.7621517181396484
63202 1.5442371368408203
63188 6.6318511962890625
63188 2.402067184448242
63188 1.0478496551513672
