458 0.4611015319824219
440 0.09083747863769531
440 0.04100799560546875
413 0.05030632019042969
413 0.03981590270996094
395 0.04410743713378906
373 0.06985664367675781
354 0.052928924560546875
354 0.03409385681152344
352 0.05817413330078125
350 0.0629425048828125
342 0.06103515625
342 0.018835067749023438
342 0.04696846008300781
336 0.04673004150390625
315 0.03266334533691406
315 0.04506111145019531
315 0.031948089599609375
315 0.052928924560546875
307 0.012159347534179688
303 0.050067901611328125
303 0.05602836608886719
303 0.05888938903808594
280 0.014781951904296875
280 0.03314018249511719
261 0.04410743713378906
261 0.015974044799804688
261 0.012874603271484375
260 0.03981590270996094
260 0.03790855407714844
260 0.025987625122070312
260 0.029087066650390625
259 0.04410743713378906
259 0.015020370483398438
259 0.05793571472167969
259 0.02002716064453125
259 0.02574920654296875
250 0.04673004150390625
250 0.034809112548828125
250 0.03314018249511719
248 0.010967254638671875
239 0.015735626220703125
239 0.015020370483398438
239 0.016689300537109375
239 0.06389617919921875
239 0.03504753112792969
239 0.02193450927734375
239 0.026941299438476562
239 0.015974044799804688
239 0.026226043701171875
239 0.015020370483398438
237 0.04100799560546875
237 0.08082389831542969
237 0.11610984802246094
237 0.052928924560546875
237 0.015974044799804688
229 0.05507469177246094
206 0.09489059448242188
206 0.064849853515625
206 0.0209808349609375
206 0.010967254638671875
206 0.007152557373046875
206 0.015020370483398438
206 0.007152557373046875
197 0.052928924560546875
197 0.057697296142578125
196 0.0629425048828125
196 0.0171661376953125
196 0.0209808349609375
196 0.016927719116210938
196 0.053882598876953125
196 0.015974044799804688
196 0.01811981201171875
196 0.027894973754882812
196 0.04291534423828125
196 0.049114227294921875
188 0.018835067749023438
188 0.00476837158203125
188 0.0209808349609375
188 0.024080276489257812
188 0.009059906005859375
188 0.010967254638671875
188 0.023603439331054688
188 0.016927719116210938
183 0.025987625122070312
183 0.025987625122070312
183 0.07414817810058594
183 0.0400543212890625
162 0.041961669921875
162 0.031948089599609375
160 0.02193450927734375
160 0.05507469177246094
160 0.030279159545898438
160 0.05507469177246094
160 0.09202957153320312
160 0.011920928955078125
160 0.014066696166992188
160 0.053882598876953125
156 0.05602836608886719
156 0.02002716064453125
156 0.013113021850585938
156 0.04267692565917969
156 0.030040740966796875
156 0.04100799560546875
156 0.0050067901611328125
156 0.07677078247070312
156 0.04982948303222656
156 0.04100799560546875
156 0.04887580871582031
156 0.027894973754882812
156 0.04100799560546875
156 0.024080276489257812
156 0.0438690185546875
156 0.0457763671875
152 0.014781951904296875
152 0.0247955322265625
152 0.03790855407714844
152 0.018835067749023438
152 0.016927719116210938
152 0.01811981201171875
152 0.014066696166992188
152 0.04076957702636719
152 0.028133392333984375
152 0.018358230590820312
149 0.06604194641113281
149 0.03814697265625
149 0.0050067901611328125
149 0.04291534423828125
147 0.026226043701171875
147 0.06413459777832031
147 0.06175041198730469
147 0.08511543273925781
147 0.030755996704101562
147 0.051975250244140625
147 0.022172927856445312
147 0.025033950805664062
147 0.02002716064453125
140 0.06222724914550781
140 0.053882598876953125
140 0.013113021850585938
127 0.009059906005859375
127 0.04696846008300781
127 0.06818771362304688
127 0.018835067749023438
127 0.03600120544433594
127 0.007867813110351562
127 0.07176399230957031
125 0.04100799560546875
125 0.04482269287109375
123 0.07796287536621094
123 0.0152587890625
123 0.02002716064453125
123 0.05316734313964844
123 0.05030632019042969
116 0.03814697265625
116 0.051975250244140625
114 0.03695487976074219
114 0.012636184692382812
114 0.031948089599609375
114 0.0069141387939453125
114 0.008106231689453125
114 0.04220008850097656
114 0.017881393432617188
114 0.016927719116210938
114 0.025987625122070312
114 0.03695487976074219
114 0.04482269287109375
114 0.046253204345703125
114 0.03886222839355469
114 0.025987625122070312
114 0.02193450927734375
114 0.07891654968261719
114 0.03719329833984375
114 0.05221366882324219
114 0.03409385681152344
114 0.05817413330078125
114 0.050067901611328125
114 0.010013580322265625
114 0.025033950805664062
114 0.0069141387939453125
114 0.0050067901611328125
114 0.025987625122070312
114 0.051021575927734375
114 0.026702880859375
114 0.028848648071289062
114 0.03695487976074219
107 0.04601478576660156
107 0.03600120544433594
107 0.028133392333984375
107 0.019073486328125
107 0.03719329833984375
107 0.03790855407714844
100 0.026941299438476562
100 0.013589859008789062
100 0.015974044799804688
100 0.04601478576660156
100 0.023126602172851562
100 0.00476837158203125
97 0.05078315734863281
97 0.07390975952148438
97 0.0209808349609375
97 0.051021575927734375
97 0.0059604644775390625
97 0.04220008850097656
97 0.02193450927734375
96 0.03266334533691406
96 0.057697296142578125
96 0.027894973754882812
96 0.012874603271484375
96 0.03886222839355469
96 0.0820159912109375
96 0.03886222839355469
96 0.026941299438476562
96 0.0069141387939453125
96 0.028371810913085938
96 0.04291534423828125
95 0.025272369384765625
95 0.0209808349609375
95 0.0629425048828125
95 0.019073486328125
95 0.06198883056640625
95 0.0209808349609375
95 0.04982948303222656
95 0.05125999450683594
95 0.03719329833984375
95 0.032901763916015625
91 0.0667572021484375
91 0.07700920104980469
87 0.07891654968261719
87 0.028848648071289062
87 0.026226043701171875
87 0.0209808349609375
87 0.10418891906738281
87 0.07128715515136719
87 0.014066696166992188
87 0.009775161743164062
87 0.04291534423828125
87 0.041961669921875
87 0.04291534423828125
87 0.016927719116210938
87 0.04100799560546875
87 0.05125999450683594
86 0.030040740966796875
86 0.041961669921875
86 0.06103515625
82 0.03600120544433594
80 0.032901763916015625
80 0.010967254638671875
80 0.011920928955078125
80 0.024080276489257812
80 0.029087066650390625
80 0.008344650268554688
80 0.06604194641113281
80 0.05316734313964844
80 0.06699562072753906
80 0.017881393432617188
80 0.03695487976074219
80 0.041961669921875
80 0.0247955322265625
80 0.014781951904296875
80 0.0152587890625
80 0.015020370483398438
76 0.013113021850585938
76 0.03314018249511719
76 0.03790855407714844
76 0.018835067749023438
76 0.009775161743164062
76 0.04696846008300781
76 0.04410743713378906
76 0.02384185791015625
76 0.011920928955078125
76 0.0591278076171875
76 0.0073909759521484375
76 0.0069141387939453125
76 0.04220008850097656
76 0.0059604644775390625
75 0.06699562072753906
75 0.02288818359375
75 0.04410743713378906
75 0.010967254638671875
75 0.041961669921875
75 0.0324249267578125
75 0.11301040649414062
75 0.03790855407714844
75 0.022172927856445312
75 0.007152557373046875
75 0.031948089599609375
75 0.05888938903808594
75 0.026941299438476562
75 0.05698204040527344
75 0.050067901611328125
75 0.04673004150390625
75 0.04601478576660156
72 0.015735626220703125
72 0.12421607971191406
72 0.04220008850097656
72 0.0171661376953125
72 0.051021575927734375
72 0.04982948303222656
72 0.010967254638671875
72 0.04076957702636719
72 0.013828277587890625
72 0.03910064697265625
72 0.0247955322265625
72 0.0438690185546875
72 0.03409385681152344
72 0.04506111145019531
72 0.0069141387939453125
72 0.029325485229492188
72 0.06771087646484375
72 0.049114227294921875
72 0.0438690185546875
72 0.025033950805664062
72 0.015020370483398438
70 0.04696846008300781
70 0.024080276489257812
70 0.06079673767089844
70 0.013113021850585938
70 0.03910064697265625
70 0.03790855407714844
70 0.015020370483398438
70 0.04410743713378906
70 0.0040531158447265625
70 0.0438690185546875
70 0.05602836608886719
70 0.017881393432617188
70 0.035762786865234375
70 0.009059906005859375
70 0.0209808349609375
70 0.06008148193359375
70 0.007867813110351562
70 0.02002716064453125
70 0.029087066650390625
70 0.04696846008300781
70 0.09274482727050781
70 0.052928924560546875
70 0.054836273193359375
70 0.01811981201171875
70 0.011920928955078125
70 0.00476837158203125
70 0.06699562072753906
70 0.03981590270996094
70 0.048160552978515625
70 0.03361701965332031
70 0.019073486328125
70 0.06413459777832031
70 0.03790855407714844
70 0.05507469177246094
70 0.08606910705566406
70 0.04673004150390625
70 0.017881393432617188
70 0.013113021850585938
70 0.0247955322265625
70 0.08296966552734375
70 0.011682510375976562
70 0.08296966552734375
70 0.0152587890625
70 0.03695487976074219
70 0.015020370483398438
70 0.0629425048828125
68 0.02384185791015625
68 0.018835067749023438
68 0.05459785461425781
68 0.017881393432617188
68 0.008821487426757812
68 0.011920928955078125
68 0.027894973754882812
68 0.030040740966796875
68 0.0629425048828125
68 0.04100799560546875
68 0.027179718017578125
68 0.027179718017578125
68 0.06794929504394531
68 0.04792213439941406
68 0.056743621826171875
68 0.030755996704101562
68 0.0050067901611328125
68 0.02002716064453125
68 0.016927719116210938
68 0.0400543212890625
68 0.027179718017578125
68 0.03814697265625
68 0.032901763916015625
68 0.05698204040527344
68 0.015735626220703125
68 0.04673004150390625
68 0.006198883056640625
68 0.030994415283203125
68 0.024080276489257812
68 0.06413459777832031
68 0.027894973754882812
68 0.0591278076171875
68 0.057220458984375
68 0.057697296142578125
68 0.008106231689453125
68 0.027179718017578125
68 0.0591278076171875
68 0.04291534423828125
68 0.031948089599609375
68 0.02193450927734375
68 0.03886222839355469
68 0.051021575927734375
68 0.016927719116210938
68 0.024080276489257812
68 0.034809112548828125
68 0.03409385681152344
68 0.0591278076171875
68 0.047206878662109375
68 0.011920928955078125
68 0.010967254638671875
68 0.03528594970703125
68 0.03600120544433594
68 0.011920928955078125
68 0.031948089599609375
68 0.05125999450683594
68 0.015974044799804688
68 0.025987625122070312
68 0.03981590270996094
68 0.05793571472167969
68 0.022172927856445312
68 0.049114227294921875
68 0.06794929504394531
68 0.01811981201171875
68 0.006198883056640625
68 0.030994415283203125
68 0.0069141387939453125
68 0.0820159912109375
68 0.022172927856445312
68 0.06079673767089844
68 0.04601478576660156
68 0.057220458984375
68 0.053882598876953125
68 0.052928924560546875
68 0.03719329833984375
68 0.008821487426757812
68 0.04506111145019531
68 0.06413459777832031
68 0.012874603271484375
68 0.00476837158203125
68 0.026702880859375
68 0.015974044799804688
68 0.05793571472167969
68 0.06413459777832031
68 0.014066696166992188
68 0.005245208740234375
68 0.03504753112792969
68 0.05412101745605469
68 0.019073486328125
68 0.051021575927734375
68 0.026941299438476562
68 0.07677078247070312
68 0.0667572021484375
68 0.014781951904296875
68 0.06198883056640625
68 0.029325485229492188
68 0.010967254638671875
68 0.041961669921875
68 0.04506111145019531
66 0.04100799560546875
66 0.06127357482910156
66 0.04124641418457031
66 0.03790855407714844
66 0.016927719116210938
65 0.029087066650390625
65 0.0209808349609375
65 0.008821487426757812
65 0.04029273986816406
65 0.033855438232421875
65 0.06914138793945312
65 0.011205673217773438
65 0.029087066650390625
65 0.026941299438476562
65 0.03790855407714844
65 0.0059604644775390625
65 0.030755996704101562
65 0.05507469177246094
65 0.018835067749023438
65 0.0591278076171875
65 0.047206878662109375
65 0.03719329833984375
65 0.03528594970703125
65 0.04982948303222656
65 0.015974044799804688
65 0.013113021850585938
65 0.05507469177246094
65 0.04506111145019531
65 0.053882598876953125
65 0.007152557373046875
65 0.014066696166992188
65 0.019311904907226562
65 0.041961669921875
65 0.02193450927734375
65 0.0050067901611328125
65 0.03600120544433594
65 0.04076957702636719
65 0.05888938903808594
65 0.010967254638671875
65 0.050067901611328125
65 0.07486343383789062
65 0.02193450927734375
65 0.010967254638671875
65 0.0457763671875
65 0.0209808349609375
65 0.020265579223632812
65 0.06866455078125
65 0.06794929504394531
64 0.06818771362304688
64 0.02288818359375
64 0.015020370483398438
64 0.04792213439941406
64 0.05412101745605469
64 0.05030632019042969
64 0.02002716064453125
64 0.03719329833984375
64 0.019788742065429688
64 0.06389617919921875
64 0.027894973754882812
64 0.0050067901611328125
64 0.003814697265625
64 0.030994415283203125
64 0.053882598876953125
64 0.031948089599609375
64 0.028133392333984375
64 0.03814697265625
63 0.06914138793945312
63 0.03528594970703125
63 0.03719329833984375
62 0.04792213439941406
62 0.030994415283203125
62 0.02288818359375
62 0.04291534423828125
62 0.030994415283203125
62 0.0438690185546875
62 0.00476837158203125
62 0.014781951904296875
62 0.026702880859375
62 0.018835067749023438
62 0.03981590270996094
62 0.015020370483398438
62 0.03314018249511719
61 0.02002716064453125
61 0.03528594970703125
61 0.017881393432617188
61 0.014066696166992188
61 0.030040740966796875
61 0.05125999450683594
61 0.012874603271484375
61 0.010013580322265625
61 0.04792213439941406
61 0.03314018249511719
61 0.03695487976074219
61 0.02193450927734375
61 0.008106231689453125
61 0.013828277587890625
61 0.04792213439941406
61 0.052928924560546875
61 0.050067901611328125
61 0.03933906555175781
61 0.051021575927734375
61 0.05507469177246094
61 0.053882598876953125
61 0.014781951904296875
61 0.031948089599609375
61 0.009059906005859375
61 0.03528594970703125
61 0.03600120544433594
61 0.027179718017578125
61 0.03814697265625
61 0.050067901611328125
61 0.013113021850585938
61 0.013113021850585938
61 0.011682510375976562
61 0.04887580871582031
61 0.017881393432617188
61 0.057697296142578125
61 0.013828277587890625
61 0.06008148193359375
61 0.07104873657226562
61 0.026226043701171875
61 0.010013580322265625
61 0.0438690185546875
61 0.013113021850585938
61 0.04410743713378906
61 0.08678436279296875
60 0.026702880859375
60 0.04506111145019531
60 0.051975250244140625
60 0.06723403930664062
60 0.06198883056640625
60 0.1251697540283203
60 0.0629425048828125
60 0.028848648071289062
60 0.018835067749023438
60 0.04506111145019531
60 0.046253204345703125
60 0.04506111145019531
60 0.07987022399902344
60 0.027894973754882812
60 0.04792213439941406
60 0.048160552978515625
60 0.019788742065429688
60 0.0040531158447265625
60 0.06389617919921875
60 0.02002716064453125
60 0.06389617919921875
60 0.023126602172851562
60 0.016927719116210938
60 0.030040740966796875
60 0.012159347534179688
60 0.04982948303222656
60 0.014781951904296875
60 0.030994415283203125
60 0.008821487426757812
60 0.05698204040527344
60 0.019073486328125
59 0.051975250244140625
59 0.08106231689453125
59 0.025987625122070312
59 0.06389617919921875
59 0.05507469177246094
58 0.046253204345703125
58 0.06198883056640625
58 0.04696846008300781
58 0.029325485229492188
58 0.030994415283203125
58 0.02288818359375
58 0.0059604644775390625
58 0.014781951904296875
58 0.05888938903808594
58 0.04982948303222656
58 0.02574920654296875
58 0.026941299438476562
58 0.057220458984375
58 0.010251998901367188
58 0.050067901611328125
58 0.02193450927734375
58 0.024080276489257812
58 0.04696846008300781
58 0.07104873657226562
58 0.04696846008300781
57 0.04696846008300781
57 0.025987625122070312
57 0.022172927856445312
57 0.05817413330078125
57 0.0591278076171875
57 0.008106231689453125
57 0.0040531158447265625
57 0.024080276489257812
57 0.01621246337890625
57 0.028133392333984375
57 0.019073486328125
57 0.03409385681152344
57 0.01621246337890625
57 0.01811981201171875
57 0.02002716064453125
57 0.03695487976074219
57 0.019788742065429688
57 0.031232833862304688
57 0.05817413330078125
57 0.010013580322265625
57 0.010013580322265625
57 0.046253204345703125
57 0.057220458984375
57 0.05793571472167969
57 0.025987625122070312
57 0.05459785461425781
57 0.0050067901611328125
57 0.03886222839355469
57 0.04291534423828125
57 0.024080276489257812
57 0.0438690185546875
57 0.035762786865234375
57 0.0438690185546875
55 0.02193450927734375
55 0.010013580322265625
55 0.13303756713867188
55 0.09989738464355469
55 0.010013580322265625
54 0.10013580322265625
54 0.04792213439941406
54 0.018358230590820312
54 0.051021575927734375
54 0.035762786865234375
54 0.0457763671875
54 0.0457763671875
54 0.03504753112792969
54 0.03600120544433594
54 0.03981590270996094
54 0.031232833862304688
54 0.0209808349609375
54 0.020265579223632812
54 0.026226043701171875
54 0.041961669921875
54 0.02384185791015625
54 0.05984306335449219
54 0.04696846008300781
54 0.027894973754882812
54 0.024080276489257812
54 0.049114227294921875
54 0.012159347534179688
54 0.04792213439941406
54 0.05245208740234375
54 0.03719329833984375
54 0.019073486328125
54 0.0040531158447265625
54 0.048160552978515625
54 0.010013580322265625
54 0.03504753112792969
54 0.0400543212890625
54 0.027894973754882812
54 0.012159347534179688
54 0.027894973754882812
54 0.04506111145019531
54 0.0050067901611328125
53 0.01621246337890625
53 0.0362396240234375
53 0.008344650268554688
53 0.01621246337890625
53 0.009059906005859375
53 0.025987625122070312
53 0.0069141387939453125
53 0.08487701416015625
53 0.06723403930664062
53 0.048160552978515625
53 0.03409385681152344
53 0.07009506225585938
53 0.05078315734863281
53 0.014066696166992188
53 0.04410743713378906
53 0.014066696166992188
53 0.029087066650390625
53 0.013113021850585938
53 0.02193450927734375
53 0.04792213439941406
53 0.014781951904296875
53 0.04601478576660156
53 0.0152587890625
53 0.0591278076171875
53 0.10180473327636719
53 0.010967254638671875
53 0.051021575927734375
53 0.07390975952148438
53 0.05507469177246094
53 0.07295608520507812
53 0.046253204345703125
53 0.057220458984375
53 0.051975250244140625
51 0.032901763916015625
51 0.00476837158203125
51 0.032901763916015625
51 0.018835067749023438
51 0.04291534423828125
51 0.052928924560546875
51 0.037670135498046875
51 0.041961669921875
51 0.0171661376953125
51 0.050067901611328125
51 0.05507469177246094
51 0.005245208740234375
51 0.0209808349609375
51 0.026226043701171875
51 0.047206878662109375
51 0.0171661376953125
51 0.057220458984375
51 0.008344650268554688
51 0.050067901611328125
51 0.06198883056640625
51 0.05888938903808594
51 0.030994415283203125
51 0.029087066650390625
51 0.028848648071289062
51 0.035762786865234375
51 0.025033950805664062
51 0.017881393432617188
51 0.0069141387939453125
51 0.06413459777832031
51 0.013113021850585938
51 0.029802322387695312
51 0.06079673767089844
51 0.034809112548828125
51 0.0362396240234375
51 0.0152587890625
51 0.0400543212890625
51 0.025033950805664062
51 0.06175041198730469
51 0.023126602172851562
51 0.010013580322265625
51 0.051975250244140625
51 0.04506111145019531
51 0.050067901611328125
51 0.030994415283203125
51 0.030279159545898438
51 0.018835067749023438
51 0.013828277587890625
51 0.052928924560546875
51 0.028133392333984375
51 0.0073909759521484375
51 0.050067901611328125
51 0.028848648071289062
51 0.03504753112792969
51 0.0400543212890625
51 0.0050067901611328125
51 0.04410743713378906
51 0.047206878662109375
51 0.007867813110351562
51 0.007867813110351562
51 0.04696846008300781
51 0.0247955322265625
51 0.04291534423828125
51 0.006198883056640625
51 0.033855438232421875
51 0.04887580871582031
51 0.024080276489257812
51 0.11491775512695312
51 0.011920928955078125
51 0.06127357482910156
51 0.017881393432617188
51 0.05817413330078125
51 0.023126602172851562
51 0.04100799560546875
51 0.07200241088867188
51 0.07104873657226562
51 0.06103515625
51 0.008106231689453125
51 0.0209808349609375
51 0.004291534423828125
51 0.020265579223632812
51 0.025987625122070312
51 0.029802322387695312
51 0.05698204040527344
51 0.005245208740234375
51 0.0591278076171875
51 0.051021575927734375
51 0.010967254638671875
51 0.030040740966796875
51 0.024080276489257812
51 0.003814697265625
51 0.07104873657226562
51 0.04792213439941406
51 0.025987625122070312
51 0.07987022399902344
51 0.0059604644775390625
51 0.030279159545898438
51 0.025033950805664062
51 0.012874603271484375
51 0.0400543212890625
50 0.06175041198730469
50 0.017881393432617188
50 0.02288818359375
49 0.04601478576660156
49 0.009059906005859375
49 0.0858306884765625
49 0.04029273986816406
49 0.051021575927734375
49 0.007867813110351562
49 0.03695487976074219
49 0.049114227294921875
49 0.005245208740234375
49 0.07605552673339844
49 0.06914138793945312
49 0.013113021850585938
49 0.014066696166992188
49 0.06008148193359375
49 0.02193450927734375
49 0.016927719116210938
49 0.04291534423828125
49 0.04291534423828125
48 0.041961669921875
48 0.064849853515625
48 0.005245208740234375
48 0.027894973754882812
48 0.04506111145019531
48 0.007867813110351562
47 0.04410743713378906
47 0.015974044799804688
47 0.014066696166992188
47 0.009059906005859375
47 0.007867813110351562
47 0.03600120544433594
47 0.07390975952148438
47 0.0152587890625
47 0.006198883056640625
47 0.010967254638671875
47 0.04410743713378906
47 0.0171661376953125
47 0.041961669921875
47 0.056743621826171875
47 0.05793571472167969
47 0.025987625122070312
47 0.023126602172851562
47 0.027179718017578125
47 0.010967254638671875
47 0.0209808349609375
47 0.06103515625
47 0.02193450927734375
47 0.014781951904296875
47 0.035762786865234375
47 0.011920928955078125
47 0.04506111145019531
47 0.03600120544433594
47 0.032901763916015625
47 0.0152587890625
47 0.04315376281738281
47 0.10800361633300781
47 0.021219253540039062
47 0.006198883056640625
47 0.010967254638671875
46 0.06985664367675781
46 0.027894973754882812
46 0.03814697265625
46 0.029087066650390625
46 0.007867813110351562
46 0.02002716064453125
46 0.03814697265625
46 0.05507469177246094
46 0.054836273193359375
46 0.030994415283203125
46 0.005245208740234375
46 0.06222724914550781
46 0.006198883056640625
46 0.06008148193359375
46 0.06389617919921875
46 0.03504753112792969
46 0.04601478576660156
46 0.029802322387695312
46 0.06508827209472656
46 0.02193450927734375
46 0.0050067901611328125
46 0.0171661376953125
46 0.05888938903808594
46 0.03695487976074219
46 0.010013580322265625
46 0.011920928955078125
46 0.019311904907226562
46 0.047206878662109375
46 0.007867813110351562
46 0.04887580871582031
46 0.010967254638671875
46 0.014781951904296875
46 0.0209808349609375
46 0.025033950805664062
46 0.027179718017578125
46 0.05412101745605469
46 0.010013580322265625
46 0.014066696166992188
44 0.030040740966796875
42 0.12803077697753906
39 0.05507469177246094
39 0.03504753112792969
39 0.06389617919921875
39 0.05221366882324219
39 0.015020370483398438
39 0.02002716064453125
39 0.06031990051269531
39 0.03504753112792969
39 0.004291534423828125
37 0.09298324584960938
37 0.06198883056640625
37 0.08511543273925781
37 0.032901763916015625
37 0.05078315734863281
37 0.11801719665527344
37 0.013828277587890625
37 0.013113021850585938
37 0.03886222839355469
37 0.06580352783203125
37 0.027179718017578125
37 0.041961669921875
37 0.06604194641113281
37 0.017881393432617188
37 0.02574920654296875
37 0.04291534423828125
37 0.057220458984375
37 0.013113021850585938
37 0.030994415283203125
37 0.03719329833984375
37 0.0171661376953125
37 0.011920928955078125
37 0.03790855407714844
37 0.055789947509765625
37 0.010967254638671875
37 0.07557868957519531
37 0.10895729064941406
37 0.0171661376953125
37 0.03409385681152344
37 0.025987625122070312
37 0.06818771362304688
37 0.07510185241699219
37 0.008106231689453125
37 0.04696846008300781
37 0.03600120544433594
37 0.0209808349609375
37 0.015735626220703125
37 0.03981590270996094
37 0.008821487426757812
37 0.013113021850585938
37 0.04506111145019531
37 0.0057220458984375
37 0.026941299438476562
37 0.026702880859375
37 0.034809112548828125
