37004 31.27598762512207
37000 3.833293914794922
36988 2.443075180053711
36988 2.190828323364258
36981 2.4671554565429688
36957 2.490997314453125
36925 3.175973892211914
36852 2.696990966796875
36852 1.394033432006836
36852 0.6830692291259766
36823 2.410888671875
36789 2.068042755126953
36789 2.4039745330810547
36766 2.458810806274414
36762 2.0530223846435547
36753 1.5311241149902344
36737 1.6069412231445312
36704 1.8930435180664062
36657 2.741098403930664
36655 0.06604194641113281
36655 1.2171268463134766
36655 2.5370121002197266
36655 2.353191375732422
36629 2.7909278869628906
36595 2.7017593383789062
36565 3.0901432037353516
36559 2.3529529571533203
36558 2.7968883514404297
36554 0.06890296936035156
36554 0.013113021850585938
36554 0.9846687316894531
36527 0.04792213439941406
36470 1.0378360748291016
36456 2.9997825622558594
36438 1.7049312591552734
36432 3.081083297729492
36432 2.652883529663086
36390 2.3679733276367188
36383 1.766204833984375
36365 2.5129318237304688
36316 2.933025360107422
36283 1.3301372528076172
36267 1.9137859344482422
36241 2.9909610748291016
36241 1.3859272003173828
36241 1.007080078125
36241 2.5620460510253906
36186 2.359151840209961
36185 2.4881362915039062
36185 1.1601448059082031
36185 0.5710124969482422
36183 2.125263214111328
36183 0.5190372467041016
36145 0.7009506225585938
36088 1.482248306274414
36088 2.9439926147460938
36088 0.9708404541015625
36069 3.0670166015625
36069 3.0820369720458984
36069 3.0100345611572266
36069 0.1537799835205078
36069 0.6392002105712891
36069 0.28777122497558594
36069 2.1681785583496094
36069 0.7898807525634766
36051 0.28896331787109375
36051 0.6918907165527344
36051 1.9190311431884766
36040 1.071929931640625
36040 1.566171646118164
36016 1.3670921325683594
36016 2.3539066314697266
36002 2.8350353240966797
35997 0.24390220642089844
35970 1.3959407806396484
35970 2.0351409912109375
35948 0.14710426330566406
35948 2.162933349609375
35948 1.3430118560791016
35948 1.1749267578125
35861 3.0977725982666016
35861 2.885103225708008
35844 0.4851818084716797
35842 0.2570152282714844
35842 1.1408329010009766
35800 2.355813980102539
35780 1.8429756164550781
35780 0.5776882171630859
35780 0.13899803161621094
35752 0.10204315185546875
35731 0.7481575012207031
35731 0.9219646453857422
35731 1.4829635620117188
35721 0.1461505889892578
35721 1.7368793487548828
35721 2.0139217376708984
35721 0.27108192443847656
35717 1.0890960693359375
35717 1.1208057403564453
35648 2.2699832916259766
35614 0.14400482177734375
35597 0.30422210693359375
35594 2.643108367919922
35594 2.3529529571533203
35594 2.340078353881836
35526 2.1800994873046875
35522 2.596139907836914
35468 2.4611949920654297
35468 0.2498626708984375
35468 1.4278888702392578
35433 0.8270740509033203
35427 2.38800048828125
35358 1.6400814056396484
35327 1.680135726928711
35315 2.3419857025146484
35310 0.4849433898925781
35308 0.4482269287109375
35280 2.6319026947021484
35273 2.3641586303710938
35273 1.2347698211669922
35273 1.9359588623046875
35273 1.4505386352539062
35273 2.931833267211914
35268 0.1590251922607422
35268 1.6319751739501953
35268 2.7861595153808594
35268 2.724170684814453
35254 2.3679733276367188
35239 2.969026565551758
35181 0.7779598236083984
35154 0.7312297821044922
35149 1.1088848114013672
35149 0.5211830139160156
35136 2.4068355560302734
35136 1.0280609130859375
35129 2.4881362915039062
35129 0.6659030914306641
35126 2.02178955078125
35126 1.8601417541503906
35118 3.000020980834961
35118 1.928091049194336
35118 1.0519027709960938
35118 1.4162063598632812
35118 1.470804214477539
35118 1.9190311431884766
35118 1.773834228515625
35118 1.5587806701660156
35118 1.2578964233398438
35108 0.9241104125976562
35108 1.8770694732666016
35103 2.819061279296875
35093 2.557992935180664
35093 3.098726272583008
35092 1.9042491912841797
35092 0.43702125549316406
35092 0.2918243408203125
35086 0.1201629638671875
35074 0.6537437438964844
35034 1.3277530670166016
35031 0.5791187286376953
35005 2.155780792236328
34987 2.6488304138183594
34986 1.9719600677490234
34982 2.6731491088867188
34951 3.1328201293945312
34908 1.0330677032470703
34888 1.6491413116455078
34847 1.4290809631347656
34809 1.821279525756836
34787 1.0919570922851562
34782 2.4569034576416016
34779 0.20003318786621094
34779 2.6941299438476562
34779 2.145051956176758
34779 2.0470619201660156
34779 1.1229515075683594
34779 1.3630390167236328
34771 0.8792877197265625
34771 1.4469623565673828
34733 0.5309581756591797
34698 0.9520053863525391
34698 0.4031658172607422
34690 1.9409656524658203
34690 1.8389225006103516
34673 1.3930797576904297
34668 2.1409988403320312
34668 0.2002716064453125
34668 0.6997585296630859
34655 1.0020732879638672
34641 2.354860305786133
34641 1.9040107727050781
34641 2.3810863494873047
34640 1.0552406311035156
34638 2.321004867553711
34638 1.3058185577392578
34638 1.5323162078857422
34628 2.3899078369140625
34628 1.4903545379638672
34608 0.247955322265625
34604 0.8540153503417969
34604 0.8862018585205078
34588 1.8169879913330078
34559 0.2548694610595703
34543 1.5950202941894531
34543 2.948760986328125
34506 1.9330978393554688
34506 3.152132034301758
34469 3.0281543731689453
34469 0.009059906005859375
34453 2.5250911712646484
34453 2.15911865234375
34453 0.6039142608642578
34453 1.4879703521728516
34453 0.9281635284423828
34448 2.63214111328125
34426 1.3799667358398438
34414 0.7660388946533203
34387 2.232074737548828
34350 1.821756362915039
34335 0.3609657287597656
34328 1.7752647399902344
34328 2.87628173828125
34328 0.3578662872314453
34328 1.7058849334716797
34323 1.0461807250976562
34303 2.9060840606689453
34303 2.213001251220703
34303 1.7080307006835938
34269 2.6731491088867188
34269 0.21004676818847656
34269 2.2656917572021484
34269 1.9559860229492188
34253 1.4798641204833984
34227 2.6617050170898438
34227 2.628803253173828
34197 0.07033348083496094
34197 0.3750324249267578
34115 1.5339851379394531
34115 0.6198883056640625
34115 0.16808509826660156
34115 1.428842544555664
34064 1.1718273162841797
34058 1.6851425170898438
34050 2.9489994049072266
34010 1.5387535095214844
33983 2.3632049560546875
33983 2.2580623626708984
33950 1.6551017761230469
33914 1.5559196472167969
33884 1.6162395477294922
33884 2.3081302642822266
33884 1.0039806365966797
33878 0.2522468566894531
33878 1.68609619140625
33878 0.6451606750488281
33861 2.38800048828125
33852 0.5779266357421875
33829 0.17404556274414062
33818 1.0008811950683594
33810 2.076864242553711
33786 2.2170543670654297
33726 2.1958351135253906
33726 0.9679794311523438
33726 0.6442070007324219
33714 0.8130073547363281
33701 1.1439323425292969
33701 2.1522045135498047
33685 2.0148754119873047
33679 3.011941909790039
33679 1.779794692993164
33679 2.9840469360351562
33679 0.7369518280029297
33679 1.3511180877685547
33670 2.5281906127929688
33670 2.5663375854492188
33670 0.6940364837646484
33617 2.704143524169922
33588 1.8451213836669922
33588 0.6837844848632812
33585 0.21767616271972656
33585 0.9174346923828125
33578 2.8579235076904297
33578 0.05602836608886719
33568 2.7141571044921875
33568 0.06198883056640625
33568 1.0051727294921875
33552 0.6740093231201172
33545 1.1320114135742188
33545 2.5250911712646484
33545 1.100778579711914
33539 1.5540122985839844
33510 3.1189918518066406
33508 1.3427734375
33508 1.592874526977539
33486 2.917051315307617
33486 1.0230541229248047
33479 1.4197826385498047
33479 0.4017353057861328
33444 3.8962364196777344
33444 0.5588531494140625
33444 4.526853561401367
33444 5.5599212646484375
33444 1.6791820526123047
33425 3.069162368774414
33425 0.9520053863525391
33425 3.320932388305664
33420 4.071950912475586
33410 6.269931793212891
33410 2.9036998748779297
33410 4.359006881713867
33390 0.7517337799072266
33390 1.9288063049316406
33344 4.505157470703125
33344 1.0221004486083984
33324 3.1099319458007812
33324 0.8401870727539062
33283 1.3871192932128906
33273 3.2629966735839844
33207 1.3561248779296875
33207 0.36597251892089844
33207 5.572795867919922
33207 6.878852844238281
33202 5.524873733520508
33202 2.888202667236328
33147 3.1249523162841797
33147 0.07915496826171875
33093 1.789093017578125
33083 2.4149417877197266
33083 4.471063613891602
33057 0.22292137145996094
33050 0.6530284881591797
33026 0.49996376037597656
33010 0.3979206085205078
33010 1.0459423065185547
33010 5.763053894042969
33010 3.307819366455078
33010 4.39906120300293
33010 1.6071796417236328
32938 4.319906234741211
32938 2.7780532836914062
32928 2.8848648071289062
32887 4.027843475341797
32887 3.6439895629882812
32887 0.2932548522949219
32868 2.6917457580566406
32808 2.682209014892578
32796 1.6982555389404297
32791 0.9930133819580078
32791 2.9103755950927734
32791 2.119302749633789
32791 0.2281665802001953
32791 1.7740726470947266
32740 1.0089874267578125
32732 1.6589164733886719
32727 0.9691715240478516
32705 2.4480819702148438
32705 1.9299983978271484
32705 0.8919239044189453
32705 0.21004676818847656
32666 2.3660659790039062
32666 0.46372413635253906
32666 2.1681785583496094
32643 1.0900497436523438
32637 2.655029296875
32619 2.132892608642578
32579 2.5031566619873047
32579 1.7778873443603516
32579 0.7910728454589844
32554 2.7289390563964844
32535 0.7081031799316406
32532 0.8497238159179688
32522 2.7320384979248047
32487 3.3271312713623047
32487 3.7169456481933594
32487 3.0221939086914062
32487 0.43392181396484375
32487 3.228902816772461
32487 0.4947185516357422
32487 2.8319358825683594
32463 2.8848648071289062
32463 1.680135726928711
32447 0.2696514129638672
32429 0.7600784301757812
32429 4.556894302368164
32429 3.6728382110595703
32426 3.0651092529296875
32412 0.9410381317138672
32399 3.1821727752685547
32363 0.14901161193847656
32360 3.2148361206054688
32357 3.5600662231445312
32357 1.4832019805908203
32330 2.9859542846679688
32319 2.663135528564453
32319 4.534006118774414
32319 0.8361339569091797
32319 0.25391578674316406
32308 2.3076534271240234
32308 2.4383068084716797
32308 0.25582313537597656
32308 0.40984153747558594
32308 1.8570423126220703
32308 1.483917236328125
32308 2.646923065185547
32308 0.5147457122802734
32308 0.42700767517089844
32308 0.5609989166259766
32250 0.3552436828613281
32239 3.5483837127685547
32220 1.2412071228027344
32220 1.1472702026367188
32200 2.1376609802246094
32188 0.2760887145996094
32188 0.39505958557128906
32179 3.834962844848633
32129 2.7990341186523438
32129 0.26488304138183594
32116 0.33164024353027344
32099 0.3719329833984375
32099 0.09179115295410156
32099 3.905057907104492
32099 0.9839534759521484
32081 0.2219676971435547
32068 3.744840621948242
32058 0.6592273712158203
32058 0.15115737915039062
32058 4.194021224975586
32058 4.410028457641602
32058 1.9719600677490234
32011 1.3129711151123047
32011 3.1769275665283203
32011 1.2080669403076172
32011 2.5746822357177734
31929 2.7170181274414062
31929 1.260995864868164
31929 3.7839412689208984
31929 1.3191699981689453
31921 1.5480518341064453
31905 0.3521442413330078
31905 1.4309883117675781
31905 0.9291172027587891
31899 4.354953765869141
31870 1.6472339630126953
31870 2.3801326751708984
31831 3.309011459350586
31784 0.45609474182128906
31784 1.035928726196289
31738 0.15807151794433594
31690 0.3650188446044922
31671 2.1190643310546875
31614 2.933025360107422
31614 2.473115921020508
31614 1.8208026885986328
31614 0.6110668182373047
31596 2.9249191284179688
31595 2.846240997314453
31595 1.6970634460449219
31595 2.5289058685302734
31579 1.5459060668945312
31564 2.611875534057617
31563 0.15115737915039062
31490 2.732992172241211
31490 0.6167888641357422
31490 0.1780986785888672
31473 1.2559890747070312
31473 2.5720596313476562
31473 1.15203857421875
31461 2.805948257446289
31430 0.06914138793945312
31411 2.0449161529541016
31411 0.09202957153320312
31411 1.8260478973388672
31409 0.19097328186035156
31395 2.6450157165527344
31385 1.8508434295654297
31385 1.3568401336669922
31385 2.7811527252197266
31385 3.1108856201171875
31378 1.9159317016601562
31378 1.386880874633789
31378 0.9229183197021484
31372 1.110076904296875
31372 1.8138885498046875
31372 2.2339820861816406
31372 1.4810562133789062
31343 2.1631717681884766
31343 3.098011016845703
31343 1.1820793151855469
31343 2.583026885986328
31331 1.6641616821289062
31323 2.900838851928711
31323 1.277923583984375
31323 0.051021575927734375
31314 1.6939640045166016
31314 0.18310546875
31275 1.6262531280517578
31275 2.050161361694336
31238 1.010894775390625
31238 1.0280609130859375
31238 2.0589828491210938
31238 0.7338523864746094
31236 2.875089645385742
31236 3.0891895294189453
31236 2.772092819213867
31183 1.3110637664794922
31183 2.5398731231689453
31183 2.3779869079589844
31178 0.4298686981201172
31178 0.26535987854003906
31147 2.7239322662353516
31147 2.360820770263672
31147 2.9239654541015625
31142 2.6471614837646484
31121 1.0709762573242188
31121 1.1348724365234375
31121 2.0940303802490234
31088 0.15091896057128906
31087 2.676248550415039
31087 0.34880638122558594
31081 0.3991127014160156
31080 1.1529922485351562
31071 1.1489391326904297
31029 2.412080764770508
30982 0.23508071899414062
30982 1.1548995971679688
30982 1.0528564453125
30978 0.701904296875
30978 0.7469654083251953
30971 0.8308887481689453
30971 2.4640560150146484
30971 0.7491111755371094
30971 0.7030963897705078
30971 2.8121471405029297
30971 2.6340484619140625
30971 1.0378360748291016
30937 2.9001235961914062
30932 0.24127960205078125
30922 0.7138252258300781
30922 0.3173351287841797
30915 1.1570453643798828
30908 2.878904342651367
30877 0.6558895111083984
30877 0.4870891571044922
30877 1.689910888671875
30877 0.3960132598876953
30877 2.0911693572998047
30877 0.4112720489501953
30863 1.4908313751220703
30855 0.025987625122070312
30844 2.3491382598876953
30841 0.5080699920654297
30841 2.106189727783203
30841 2.382993698120117
30833 0.7319450378417969
30816 0.2970695495605469
30815 2.2292137145996094
30773 2.9571056365966797
30773 0.6117820739746094
30773 1.608133316040039
30773 1.2753009796142578
30773 2.5179386138916016
30747 2.0210742950439453
30732 2.5038719177246094
30732 1.8701553344726562
30729 0.31113624572753906
30725 2.8841495513916016
30722 1.5151500701904297
30680 1.0790824890136719
30680 1.3670921325683594
30662 0.3490447998046875
30652 2.438783645629883
30652 0.7410049438476562
30645 0.6871223449707031
30603 0.5550384521484375
30593 0.6301403045654297
30593 1.1467933654785156
30593 1.3310909271240234
30577 2.471923828125
30577 0.4673004150390625
30577 0.7197856903076172
30577 0.6787776947021484
30577 2.1178722381591797
30577 2.680063247680664
30577 2.190113067626953
30577 1.3570785522460938
30577 2.907991409301758
30577 2.7570724487304688
30577 0.7719993591308594
30577 2.485990524291992
30577 0.797271728515625
30573 1.332998275756836
30558 1.2390613555908203
30558 1.5249252319335938
30540 1.8379688262939453
30532 2.644062042236328
30529 2.988100051879883
30522 0.15306472778320312
30510 1.0411739349365234
30510 0.8089542388916016
30510 1.3051033020019531
30510 0.38623809814453125
30510 0.064849853515625
30510 0.9238719940185547
30497 0.2570152282714844
30431 2.9649734497070312
30429 0.9148120880126953
30429 1.54876708984375
30407 0.21886825561523438
30407 2.674102783203125
30396 0.11587142944335938
30396 1.7931461334228516
30396 1.6162395477294922
30396 2.920866012573242
30396 0.514984130859375
30396 2.808094024658203
30396 1.4562606811523438
30396 2.768993377685547
30385 3.1440258026123047
30341 1.6140937805175781
30341 0.5681514739990234
30341 2.7801990509033203
30341 1.3802051544189453
30315 0.6170272827148438
30315 0.12683868408203125
30315 0.6961822509765625
30293 1.9459724426269531
30293 2.180814743041992
30277 2.507925033569336
30268 2.0978450775146484
30268 2.5649070739746094
30268 0.032901763916015625
30249 2.644062042236328
30249 1.9261837005615234
30249 2.5010108947753906
30249 0.49376487731933594
30249 1.2009143829345703
30249 2.5451183319091797
30242 2.5091171264648438
30234 0.30684471130371094
30234 0.5679130554199219
30234 1.8391609191894531
30228 1.5568733215332031
30224 2.2351741790771484
30224 2.298116683959961
30213 1.0318756103515625
30208 1.1289119720458984
30199 3.0851364135742188
30199 2.782106399536133
30199 3.108978271484375
30199 1.5118122100830078
30133 1.19781494140625
30127 1.8649101257324219
30127 0.9140968322753906
30127 2.7408599853515625
30127 1.7228126525878906
30127 3.078937530517578
30127 2.6590824127197266
30127 0.8950233459472656
30114 2.3360252380371094
30092 1.995086669921875
30084 1.004934310913086
30076 2.9931068420410156
30060 1.692056655883789
30060 2.039194107055664
30044 3.111124038696289
30044 0.3981590270996094
30044 0.08392333984375
30018 1.3167858123779297
29970 1.4281272888183594
29970 0.640869140625
29959 1.9519329071044922
29942 1.714944839477539
29913 0.7419586181640625
29913 1.9989013671875
29913 1.5289783477783203
29913 0.7631778717041016
29896 0.5049705505371094
29870 3.2629966735839844
29850 2.7887821197509766
29841 1.9669532775878906
29815 1.9588470458984375
29810 1.4119148254394531
29752 2.802133560180664
29734 1.5380382537841797
29709 1.5931129455566406
29709 1.9381046295166016
29709 0.5919933319091797
29697 0.14400482177734375
29697 1.3480186462402344
29666 1.85394287109375
29666 0.06794929504394531
29666 1.055002212524414
29662 0.36716461181640625
29662 4.2629241943359375
29660 5.005121231079102
29636 4.696130752563477
29634 0.6101131439208984
29620 0.12683868408203125
29612 2.768278121948242
29579 0.12373924255371094
29579 0.7989406585693359
29569 1.7881393432617188
29556 2.0940303802490234
29530 4.101991653442383
29523 1.4252662658691406
29473 1.5718936920166016
29473 0.6189346313476562
29473 0.5979537963867188
29473 0.9450912475585938
29473 0.24509429931640625
29464 3.2629966735839844
29463 2.5479793548583984
29463 1.3110637664794922
29463 2.4161338806152344
29463 2.2401809692382812
29463 2.8982162475585938
29463 0.0629425048828125
29448 1.9938945770263672
29448 1.5780925750732422
29448 1.847982406616211
29400 0.6458759307861328
29400 1.6589164733886719
29391 0.9982585906982422
29391 2.1169185638427734
29391 1.9788742065429688
29359 1.6651153564453125
29359 2.6192665100097656
29359 1.3890266418457031
29349 2.2699832916259766
29349 0.14710426330566406
29349 0.6432533264160156
29349 3.072023391723633
29349 2.5339126586914062
29345 2.3050308227539062
29345 1.928091049194336
29345 0.8878707885742188
29334 2.650022506713867
29333 0.9338855743408203
29333 0.7288455963134766
29333 1.566171646118164
29333 0.25582313537597656
29327 0.8919239044189453
29327 1.898050308227539
29306 1.2180805206298828
29306 2.8569698333740234
29306 2.1381378173828125
29281 1.9099712371826172
29281 1.9850730895996094
29281 1.6908645629882812
29281 1.8742084503173828
29281 1.1489391326904297
29281 1.8048286437988281
29281 0.5860328674316406
29278 1.680135726928711
29278 0.3578662872314453
29278 2.486705780029297
29278 0.1361370086669922
29278 2.6443004608154297
29276 1.522064208984375
29276 0.8461475372314453
29276 2.2330284118652344
29272 1.6791820526123047
29272 0.8492469787597656
29272 2.0189285278320312
29272 1.878976821899414
29272 0.9150505065917969
29272 0.29778480529785156
29268 2.805948257446289
29268 1.2140274047851562
29262 1.3570785522460938
29262 0.9417533874511719
29262 0.38814544677734375
29262 2.7267932891845703
29262 1.7852783203125
29262 2.6149749755859375
29262 0.4601478576660156
29262 0.3857612609863281
29262 0.9069442749023438
29262 0.5471706390380859
29213 0.050067901611328125
29213 2.0830631256103516
29213 2.7229785919189453
29212 2.688169479370117
29212 0.46896934509277344
29204 1.0797977447509766
29204 1.6970634460449219
29204 1.2459754943847656
29183 0.4000663757324219
29176 0.675201416015625
29176 0.2849102020263672
29176 0.3628730773925781
29170 2.6810169219970703
29170 2.209186553955078
29170 3.0951499938964844
29144 2.9900074005126953
29144 2.240896224975586
29144 0.9558200836181641
29144 2.685070037841797
29115 0.3750324249267578
29115 0.8609294891357422
29115 0.9307861328125
29113 3.1061172485351562
29113 0.09393692016601562
29100 0.3249645233154297
29100 0.8711814880371094
29100 2.4280548095703125
29063 1.7108917236328125
29063 1.5938282012939453
29063 1.856088638305664
29060 1.4929771423339844
28975 1.6601085662841797
28929 2.093076705932617
28929 0.4470348358154297
28929 2.6748180389404297
28929 2.289295196533203
28922 0.415802001953125
28920 1.2891292572021484
28898 0.7660388946533203
28898 1.1432170867919922
28894 1.6987323760986328
28894 2.7191638946533203
28885 2.7780532836914062
28867 0.5640983581542969
28857 1.7993450164794922
28853 1.4047622680664062
28853 0.9198188781738281
28840 1.0256767272949219
28840 1.2958049774169922
28840 0.5309581756591797
28790 1.8668174743652344
28790 3.017425537109375
28790 0.40078163146972656
28790 1.7969608306884766
28720 1.8911361694335938
28720 2.8960704803466797
28719 1.0869503021240234
28719 0.2048015594482422
28719 2.4728775024414062
28718 2.6738643646240234
28623 2.1979808807373047
28595 2.061128616333008
28595 0.11992454528808594
28595 1.953125
28570 2.338886260986328
28570 1.8429756164550781
28551 1.3549327850341797
28551 1.0688304901123047
28551 2.7332305908203125
28551 1.0569095611572266
28551 2.238035202026367
28551 2.445220947265625
28551 0.6067752838134766
28551 0.15783309936523438
28546 1.2569427490234375
28546 2.9449462890625
28539 2.112150192260742
28539 0.2689361572265625
28539 3.103971481323242
28490 0.5209445953369141
28450 2.9489994049072266
28444 0.4360675811767578
28436 1.7499923706054688
28429 0.6966590881347656
28416 0.6687641143798828
28393 0.4391670227050781
28388 0.02384185791015625
28381 2.061128616333008
28368 0.3039836883544922
28368 0.43082237243652344
28340 0.5679130554199219
28340 2.882719039916992
28340 2.844095230102539
28340 1.1510848999023438
28340 0.5712509155273438
28302 0.40793418884277344
28302 2.747058868408203
28302 0.5550384521484375
28302 0.04100799560546875
28302 1.0991096496582031
28279 1.0540485382080078
28276 1.110076904296875
28249 1.7809867858886719
28249 1.7750263214111328
28249 1.2302398681640625
28249 3.057718276977539
28249 2.7780532836914062
28223 2.117156982421875
28198 0.1862049102783203
28198 0.19216537475585938
28186 0.2651214599609375
28178 2.9799938201904297
28178 1.646280288696289
28169 2.7158260345458984
28169 3.056049346923828
28169 0.16808509826660156
28169 0.5881786346435547
28138 2.593994140625
28107 0.8373260498046875
28107 2.454996109008789
28087 2.4759769439697266
28087 1.2271404266357422
28087 0.8378028869628906
28087 1.5401840209960938
28080 1.8341541290283203
28068 2.045869827270508
28068 0.8492469787597656
28068 0.4611015319824219
28068 1.6832351684570312
28068 2.7289390563964844
28068 2.009153366088867
28068 2.810239791870117
28060 1.0628700256347656
28060 2.0618438720703125
28045 0.07605552673339844
28045 2.852201461791992
28036 0.9860992431640625
28036 1.4500617980957031
27992 0.2770423889160156
27992 1.374959945678711
27991 0.7691383361816406
27991 2.911806106567383
27991 1.1589527130126953
27990 1.0018348693847656
27982 1.6720294952392578
27961 0.43392181396484375
27959 0.9951591491699219
27959 1.0290145874023438
27959 1.2798309326171875
27959 0.27108192443847656
27959 1.4388561248779297
27935 2.4220943450927734
27914 2.7027130126953125
27908 2.004861831665039
27908 0.6592273712158203
27908 1.9431114196777344
27908 1.6918182373046875
27908 2.438783645629883
27908 2.3200511932373047
27908 3.1740665435791016
27908 2.780914306640625
27906 1.7809867858886719
27906 2.7120113372802734
27838 1.978158950805664
27762 1.8777847290039062
27762 1.7926692962646484
27726 2.5060176849365234
27706 2.5119781494140625
27706 2.2428035736083984
27706 0.8656978607177734
27706 1.9099712371826172
27706 2.089977264404297
27698 0.11110305786132812
27687 2.0599365234375
27687 1.1513233184814453
27687 0.5209445953369141
27680 2.964019775390625
27671 3.072977066040039
27651 3.2291412353515625
27651 2.9799938201904297
27651 1.4820098876953125
27638 1.8858909606933594
27638 0.6210803985595703
27638 2.357006072998047
27638 0.5781650543212891
27638 1.4519691467285156
27577 0.8900165557861328
27565 1.0502338409423828
27481 1.4510154724121094
27458 2.259969711303711
27458 2.6121139526367188
27458 2.377033233642578
27443 1.783132553100586
27443 2.7990341186523438
27443 0.29397010803222656
27443 0.7739067077636719
27411 1.7647743225097656
27402 0.7312297821044922
27402 1.0700225830078125
27402 0.7512569427490234
27383 2.2013187408447266
27358 1.1398792266845703
27358 0.3368854522705078
27355 3.149747848510742
27355 2.7251243591308594
27330 2.4950504302978516
27330 2.8748512268066406
27300 0.2830028533935547
27295 2.379894256591797
27295 4.364252090454102
27295 1.7991065979003906
27295 2.9671192169189453
27280 0.6439685821533203
27280 1.2128353118896484
27280 3.8132667541503906
27280 1.786947250366211
27280 1.7919540405273438
27238 2.1109580993652344
27238 1.4491081237792969
27219 3.0143260955810547
27219 0.23508071899414062
27219 1.6391277313232422
