8843 7.5550079345703125
8843 0.29587745666503906
8816 0.4000663757324219
8816 0.3139972686767578
8809 0.04100799560546875
8805 0.2281665802001953
8738 0.7212162017822266
8716 0.35691261291503906
8716 0.1671314239501953
8706 0.38504600524902344
8706 0.34618377685546875
8685 0.3459453582763672
8685 0.3299713134765625
8640 0.09393692016601562
8625 0.07891654968261719
8611 0.2949237823486328
8611 0.5171298980712891
8603 0.3139972686767578
8603 0.2999305725097656
8598 0.3540515899658203
8598 0.17213821411132812
8598 0.514984130859375
8598 0.23794174194335938
8537 0.41294097900390625
8537 0.4448890686035156
8497 0.28896331787109375
8490 0.09584426879882812
8490 0.34618377685546875
8442 0.20003318786621094
8442 0.17786026000976562
8420 0.20003318786621094
8420 0.6890296936035156
8420 0.18405914306640625
8417 0.3230571746826172
8412 0.9410381317138672
8406 0.5891323089599609
8391 0.18930435180664062
8373 0.010013580322265625
8373 0.6449222564697266
8365 0.26488304138183594
8328 0.6680488586425781
8323 0.8523464202880859
8267 0.7920265197753906
8253 0.24199485778808594
8253 0.4298686981201172
8253 0.5130767822265625
8253 0.38504600524902344
8233 0.21910667419433594
8220 0.5829334259033203
8220 0.2498626708984375
8220 0.33283233642578125
8220 0.05817413330078125
8219 0.04982948303222656
8209 0.2472400665283203
8160 0.13518333435058594
8160 0.07009506225585938
8160 0.09679794311523438
8159 0.7081031799316406
8159 0.23412704467773438
8159 0.43702125549316406
8159 0.057220458984375
8159 0.7090568542480469
8159 0.15687942504882812
8130 0.5159378051757812
8115 0.49686431884765625
8114 0.2720355987548828
8108 0.7379055023193359
8108 0.23698806762695312
8108 0.514984130859375
8108 0.2989768981933594
8086 0.48470497131347656
8086 0.2467632293701172
8086 0.5409717559814453
8086 0.44798851013183594
8085 0.3600120544433594
8085 0.21409988403320312
8073 0.34999847412109375
8073 0.1990795135498047
8073 0.39076805114746094
8055 0.7691383361816406
8038 0.6411075592041016
8038 0.15592575073242188
8018 0.1761913299560547
8018 0.5669593811035156
8018 0.1857280731201172
7995 0.11396408081054688
7957 0.6639957427978516
7957 0.6031990051269531
7957 0.20503997802734375
7911 0.6647109985351562
7905 0.6148815155029297
7904 0.26297569274902344
7904 0.5271434783935547
7903 0.08511543273925781
7903 0.31113624572753906
7903 0.49376487731933594
7903 0.4410743713378906
7895 0.5838871002197266
7895 0.3509521484375
7895 0.5259513854980469
7895 0.47707557678222656
7875 0.3781318664550781
7867 0.09989738464355469
7867 0.09083747863769531
7867 0.7109642028808594
7815 0.1239776611328125
7811 0.4448890686035156
7770 0.5860328674316406
7770 0.29277801513671875
7770 0.24509429931640625
7761 0.7250308990478516
7753 0.5488395690917969
7745 0.24580955505371094
7745 0.08821487426757812
7700 0.2760887145996094
7672 0.4439353942871094
7672 0.4177093505859375
7672 0.1881122589111328
7672 0.6079673767089844
7672 0.2980232238769531
7672 0.5249977111816406
7672 0.03790855407714844
7672 0.6899833679199219
7672 0.13113021850585938
7672 0.44226646423339844
7672 0.40721893310546875
7657 0.5571842193603516
7651 0.45180320739746094
7651 0.03886222839355469
7644 0.5576610565185547
7628 0.5059242248535156
7605 0.2548694610595703
7605 0.008106231689453125
7596 0.11610984802246094
7591 0.3979206085205078
7584 0.47087669372558594
7584 0.2579689025878906
7573 0.017881393432617188
7573 0.5300045013427734
7520 0.5550384521484375
7520 0.2639293670654297
7520 0.6871223449707031
7520 0.6241798400878906
7520 0.43129920959472656
7515 0.22029876708984375
7515 0.5881786346435547
7515 0.5140304565429688
7515 0.5939006805419922
7452 0.10800361633300781
7452 0.1800060272216797
7416 0.7658004760742188
7396 0.1709461212158203
7396 0.5538463592529297
7396 0.6859302520751953
7396 0.23794174194335938
7347 0.7710456848144531
7342 0.3001689910888672
7333 0.7238388061523438
7329 0.7350444793701172
7326 0.3230571746826172
7320 0.6132125854492188
7267 0.74005126953125
7267 0.4019737243652344
7263 0.30994415283203125
7263 0.1761913299560547
7263 0.1010894775390625
7253 0.2658367156982422
7253 0.6468296051025391
7252 0.04601478576660156
7252 0.3991127014160156
7252 0.263214111328125
7251 0.5669593811035156
7251 0.43892860412597656
7251 0.5059242248535156
7251 0.3058910369873047
7251 0.5252361297607422
7251 0.3581047058105469
7250 0.17118453979492188
7250 0.11706352233886719
7245 0.05793571472167969
7242 0.36025047302246094
7242 0.6959438323974609
7227 0.7479190826416016
7227 0.2551078796386719
7218 0.3769397735595703
7218 0.14472007751464844
7218 0.23889541625976562
7218 0.6940364837646484
7217 0.3771781921386719
7183 0.7748603820800781
7183 0.6191730499267578
7183 0.6568431854248047
7183 0.21386146545410156
7170 0.1342296600341797
7170 0.6251335144042969
7161 0.027179718017578125
7136 0.47516822814941406
7119 0.6310939788818359
7104 0.5190372467041016
7103 0.3650188446044922
7103 0.6902217864990234
7103 0.13589859008789062
7098 0.033855438232421875
7087 0.4038810729980469
7087 0.02288818359375
7067 0.33211708068847656
7067 0.4010200500488281
7041 0.6852149963378906
7041 0.06008148193359375
7030 0.3981590270996094
7030 0.48422813415527344
7030 0.3879070281982422
7030 0.3120899200439453
7030 0.09202957153320312
7030 0.48613548278808594
7030 0.3807544708251953
6993 0.7159709930419922
6993 0.0069141387939453125
6993 0.28395652770996094
6993 0.7150173187255859
6987 0.6761550903320312
6959 0.1609325408935547
6959 0.6406307220458984
6959 0.6918907165527344
6929 0.45609474182128906
6926 0.03790855407714844
6896 0.6301403045654297
6877 0.01811981201171875
6843 0.13709068298339844
6843 0.08893013000488281
6843 0.0782012939453125
6843 0.4260540008544922
6843 0.46896934509277344
6820 0.21791458129882812
6820 0.7131099700927734
6820 0.2219676971435547
6814 0.14209747314453125
6811 0.16498565673828125
6811 0.5800724029541016
6811 0.1010894775390625
6811 0.5240440368652344
6799 0.2560615539550781
6769 0.6740093231201172
6769 0.47206878662109375
6769 0.2548694610595703
6724 0.18405914306640625
6724 0.6330013275146484
6707 0.04887580871582031
6687 0.4858970642089844
6644 0.6959438323974609
6640 0.035762786865234375
6640 0.23984909057617188
6633 0.6911754608154297
6629 0.5011558532714844
6620 0.2892017364501953
6615 0.19931793212890625
6615 0.047206878662109375
6592 0.4010200500488281
6591 0.7517337799072266
6591 0.14209747314453125
6582 0.3752708435058594
6573 0.3972053527832031
6573 0.5190372467041016
6573 0.008821487426757812
6564 0.15997886657714844
6558 0.16307830810546875
6558 0.43082237243652344
6532 0.2460479736328125
6509 0.6098747253417969
6509 0.7832050323486328
6509 0.6163120269775391
6509 0.38623809814453125
6509 0.22101402282714844
6503 0.14901161193847656
6486 0.16617774963378906
6486 0.07486343383789062
6424 0.09179115295410156
6401 0.5788803100585938
6401 0.14019012451171875
6376 0.6892681121826172
6376 0.43487548828125
6376 0.3600120544433594
6376 0.019311904907226562
6376 0.1862049102783203
6376 0.3540515899658203
6376 0.1671314239501953
6361 0.3478527069091797
6349 0.19884109497070312
6349 0.5357265472412109
6349 0.4661083221435547
6349 0.5719661712646484
6299 0.3180503845214844
6299 0.35881996154785156
6299 0.5970001220703125
6291 0.2338886260986328
6291 0.1838207244873047
6279 0.3368854522705078
6279 0.09679794311523438
6248 0.5218982696533203
6248 0.49591064453125
6248 0.1461505889892578
6248 0.5590915679931641
6248 0.5218982696533203
6220 0.36787986755371094
6220 0.07104873657226562
6220 0.6957054138183594
6219 0.13685226440429688
6199 0.05817413330078125
6199 0.37932395935058594
6199 0.6101131439208984
6199 0.7028579711914062
6196 0.2837181091308594
6191 0.7188320159912109
6191 0.6847381591796875
6174 0.08702278137207031
6174 0.3261566162109375
6168 0.5741119384765625
6158 0.01811981201171875
6122 0.5319118499755859
6122 0.5681514739990234
6122 0.43010711669921875
6114 0.025033950805664062
6079 0.15091896057128906
6046 0.4839897155761719
6026 0.46706199645996094
6016 0.052928924560546875
6014 0.13780593872070312
6014 0.4782676696777344
6014 0.6532669067382812
6012 0.3790855407714844
6010 0.6551742553710938
6010 0.3802776336669922
6009 0.5421638488769531
6008 0.23984909057617188
6008 0.1220703125
6008 0.0400543212890625
6008 0.5333423614501953
6008 0.3008842468261719
6006 0.4849433898925781
6006 0.7650852203369141
6006 0.4088878631591797
6006 0.247955322265625
6006 0.14781951904296875
6006 0.63323974609375
6006 0.39696693420410156
6006 0.3380775451660156
6005 0.3840923309326172
5999 0.24199485778808594
5999 0.43582916259765625
5999 0.6148815155029297
5999 0.7708072662353516
5989 0.7498264312744141
5978 0.5090236663818359
5978 0.6480216979980469
5977 0.10895729064941406
5973 0.45490264892578125
5973 0.08797645568847656
5972 0.17881393432617188
5972 0.67901611328125
5964 0.07891654968261719
5964 0.00476837158203125
5961 0.20194053649902344
5961 0.7719993591308594
5961 0.33092498779296875
5949 0.41174888610839844
5921 0.3871917724609375
5921 0.41294097900390625
5921 0.6232261657714844
5891 0.7250308990478516
5891 0.44083595275878906
5891 0.031948089599609375
5891 0.11491775512695312
5856 0.2918243408203125
5856 0.18787384033203125
5856 0.4947185516357422
5856 0.6427764892578125
5856 0.6730556488037109
5856 0.2751350402832031
5856 0.19097328186035156
5856 0.6861686706542969
5856 0.7040500640869141
5856 0.659942626953125
5854 0.4563331604003906
5854 0.2238750457763672
5854 0.2963542938232422
5839 0.49996376037597656
5821 0.08893013000488281
5808 0.6957054138183594
5782 0.7309913635253906
5782 0.2796649932861328
5780 0.029087066650390625
5780 0.0591278076171875
5750 0.3108978271484375
5750 0.3459453582763672
5750 0.2219676971435547
5750 0.04100799560546875
5736 0.6279945373535156
5727 0.3521442413330078
5727 0.6299018859863281
5727 0.3108978271484375
5727 0.19407272338867188
5727 0.3247261047363281
5712 0.21004676818847656
5712 0.34117698669433594
5712 0.2751350402832031
5712 0.5548000335693359
5712 0.32210350036621094
5712 0.03218650817871094
5694 0.09393692016601562
5673 0.6151199340820312
5673 0.1590251922607422
5668 0.4506111145019531
5657 0.38909912109375
5657 0.3638267517089844
5637 0.6530284881591797
5631 0.5450248718261719
5631 0.1461505889892578
5629 0.14781951904296875
5624 0.3268718719482422
5624 0.6060600280761719
5624 0.4611015319824219
5624 0.4322528839111328
5624 0.46896934509277344
5600 0.370025634765625
5590 0.5371570587158203
5590 0.576019287109375
5590 0.186920166015625
5590 0.35500526428222656
5562 0.5490779876708984
5562 0.06198883056640625
5562 0.09107589721679688
5562 0.7109642028808594
5562 0.6148815155029297
5551 0.08821487426757812
5551 0.5407333374023438
5548 0.07915496826171875
5548 0.4801750183105469
5548 0.4649162292480469
5537 0.1609325408935547
5537 0.2110004425048828
5537 0.2868175506591797
5537 0.3590583801269531
5537 0.408172607421875
5537 0.7162094116210938
5537 0.5600452423095703
5537 0.4639625549316406
5537 0.74005126953125
5532 0.13327598571777344
5532 0.682830810546875
5524 0.5292892456054688
5524 0.027179718017578125
5524 0.03695487976074219
5524 0.20384788513183594
5515 0.39005279541015625
5509 0.4849433898925781
5509 0.4582405090332031
5509 0.06198883056640625
5509 0.7169246673583984
5498 0.514984130859375
5498 0.4591941833496094
5497 0.5369186401367188
5476 0.7879734039306641
5476 0.10919570922851562
5474 0.3693103790283203
5451 0.06508827209472656
5451 0.7181167602539062
5451 0.6680488586425781
5438 0.028848648071289062
5438 0.11420249938964844
5427 0.1800060272216797
5427 0.4928112030029297
5427 0.12373924255371094
5427 0.4360675811767578
5427 0.3731250762939453
5421 0.12969970703125
5421 0.016927719116210938
5421 0.6339550018310547
5421 0.17309188842773438
5413 0.4138946533203125
5413 0.7050037384033203
5413 0.3998279571533203
5406 0.24509429931640625
5406 0.21719932556152344
5406 0.11014938354492188
5406 0.051021575927734375
5379 0.5660057067871094
5379 0.34809112548828125
5379 0.14495849609375
5363 0.7479190826416016
5363 0.3619194030761719
5302 0.21719932556152344
5302 0.15878677368164062
5302 0.047206878662109375
5302 0.19407272338867188
5302 0.06198883056640625
5302 0.08606910705566406
5302 0.02288818359375
5302 0.5090236663818359
5302 0.2989768981933594
5302 0.17404556274414062
5302 0.38814544677734375
5302 0.1418590545654297
5284 0.7309913635253906
5284 0.6239414215087891
5283 0.2532005310058594
5283 0.4940032958984375
5283 0.37097930908203125
5271 0.6089210510253906
5271 0.5650520324707031
5271 0.03814697265625
5271 0.6940364837646484
5271 0.06008148193359375
5267 0.0591278076171875
5267 0.7159709930419922
5195 0.4317760467529297
5195 0.7870197296142578
5195 0.09202957153320312
5195 0.08082389831542969
5195 0.5109310150146484
5195 0.4730224609375
5195 0.42319297790527344
5195 0.2410411834716797
5195 0.7290840148925781
5195 0.04601478576660156
5195 0.42700767517089844
5195 0.7407665252685547
5195 0.5667209625244141
5195 0.11897087097167969
5195 0.28896331787109375
5195 0.453948974609375
5186 0.06508827209472656
5186 0.6139278411865234
5186 0.1518726348876953
5186 0.5838871002197266
5186 0.08082389831542969
5186 0.6868839263916016
5186 0.5929470062255859
5186 0.6031990051269531
5179 0.19931793212890625
5179 0.03814697265625
5174 0.762939453125
5155 0.225067138671875
5155 0.08606910705566406
5155 0.33020973205566406
5146 0.32782554626464844
5146 0.7627010345458984
5108 0.13685226440429688
5108 0.18978118896484375
5108 0.27489662170410156
5103 0.25391578674316406
5096 0.6372928619384766
5096 0.15282630920410156
5062 0.014066696166992188
5060 0.17714500427246094
5060 0.0050067901611328125
5060 0.659942626953125
5055 0.2899169921875
5055 0.3268718719482422
5055 0.20885467529296875
5050 0.05602836608886719
5050 0.3840923309326172
5050 0.08893013000488281
5050 0.5919933319091797
5050 0.32711029052734375
5050 0.5319118499755859
5050 0.0438690185546875
5050 0.6167888641357422
5050 0.23508071899414062
5050 0.03218650817871094
5050 0.19598007202148438
5050 0.051975250244140625
5050 0.759124755859375
5050 0.1380443572998047
5050 0.15211105346679688
5050 0.015020370483398438
5050 0.6258487701416016
5039 0.6761550903320312
5039 0.06699562072753906
5031 0.09799003601074219
5022 0.3592967987060547
4999 0.4429817199707031
4999 0.4909038543701172
4999 0.57220458984375
4999 0.47206878662109375
4973 0.6339550018310547
4973 0.2560615539550781
4962 0.09703636169433594
4962 0.3838539123535156
4962 0.49114227294921875
4962 0.07104873657226562
4962 0.5109310150146484
4962 0.49304962158203125
4962 0.6008148193359375
4962 0.4658699035644531
4962 0.15020370483398438
4958 0.5140304565429688
4941 0.3020763397216797
4941 0.30803680419921875
4941 0.6690025329589844
4941 0.09775161743164062
4934 0.008821487426757812
4934 0.010728836059570312
4934 0.4150867462158203
4934 0.4508495330810547
4919 0.15997886657714844
4918 0.02002716064453125
4918 0.4291534423828125
4918 0.09822845458984375
4914 0.4620552062988281
4914 0.171661376953125
4879 0.36597251892089844
4869 0.6830692291259766
4869 0.5540847778320312
4869 0.051975250244140625
4869 0.43511390686035156
4869 0.2422332763671875
4869 0.0059604644775390625
4869 0.08797645568847656
4840 0.029087066650390625
4840 0.6248950958251953
4820 0.14400482177734375
4817 0.6988048553466797
4817 0.3159046173095703
4817 0.051021575927734375
4817 0.22912025451660156
4817 0.03814697265625
4817 0.7381439208984375
4804 0.02002716064453125
4801 0.22292137145996094
4801 0.012874603271484375
4794 0.5438327789306641
4794 0.2460479736328125
4789 0.032901763916015625
4789 0.16617774963378906
4789 0.45609474182128906
4789 0.0820159912109375
4785 0.308990478515625
4785 0.6189346313476562
4767 0.6759166717529297
4767 0.11897087097167969
4765 0.24819374084472656
4765 0.5981922149658203
4765 0.6601810455322266
4765 0.005245208740234375
4765 0.377655029296875
4765 0.13494491577148438
4763 0.3020763397216797
4749 0.07605552673339844
4749 0.37980079650878906
4744 0.5769729614257812
4744 0.12183189392089844
4744 0.09489059448242188
4731 0.12612342834472656
4731 0.3020763397216797
4731 0.4909038543701172
4731 0.38814544677734375
4730 0.1571178436279297
4730 0.0069141387939453125
4728 0.41604042053222656
4723 0.08797645568847656
4723 0.3590583801269531
4723 0.2522468566894531
4699 0.0152587890625
4699 0.6299018859863281
4699 0.22292137145996094
4699 0.30994415283203125
4699 0.4429817199707031
4699 0.11014938354492188
4699 0.11610984802246094
4699 0.5629062652587891
4699 0.16307830810546875
4699 0.5102157592773438
4699 0.576019287109375
4688 0.01811981201171875
4680 0.6482601165771484
4680 0.3859996795654297
4667 0.48613548278808594
4664 0.3159046173095703
4660 0.09083747863769531
4660 0.1888275146484375
4642 0.32401084899902344
4642 0.5128383636474609
4642 0.05888938903808594
4642 0.6690025329589844
4642 0.6549358367919922
4634 0.4088878631591797
4632 0.5028247833251953
4618 0.38623809814453125
4618 0.4878044128417969
4616 0.2529621124267578
4609 0.39005279541015625
4609 0.05507469177246094
4599 0.1590251922607422
4599 0.26798248291015625
4599 0.7221698760986328
4599 0.6420612335205078
4594 0.6787776947021484
4594 0.10085105895996094
4586 0.6997585296630859
4579 0.4029273986816406
4579 0.6592273712158203
4579 0.34999847412109375
4579 0.04982948303222656
4579 0.03218650817871094
4579 0.4799365997314453
4558 0.1671314239501953
4558 0.36907196044921875
4558 0.06914138793945312
4558 0.1201629638671875
4558 0.2770423889160156
4541 0.19478797912597656
4541 0.38695335388183594
4541 0.2799034118652344
4541 0.6010532379150391
4541 0.07295608520507812
4541 0.051975250244140625
4541 0.6060600280761719
4541 0.13303756713867188
4539 0.7312297821044922
4539 0.3790855407714844
4539 0.1659393310546875
4524 0.7617473602294922
4503 0.20694732666015625
4478 0.2529621124267578
4478 0.41222572326660156
4478 0.8099079132080078
4459 0.5998611450195312
4459 0.14162063598632812
4459 0.6210803985595703
4459 0.15306472778320312
4459 0.21719932556152344
4452 0.6110668182373047
4450 0.08988380432128906
4450 0.47278404235839844
4450 0.07891654968261719
4449 0.5431175231933594
4449 0.05602836608886719
4449 0.02384185791015625
4449 0.3688335418701172
4417 0.1628398895263672
4417 0.07200241088867188
4417 0.4508495330810547
4417 0.29397010803222656
4417 0.12803077697753906
4417 0.6897449493408203
4417 0.15091896057128906
4417 0.3261566162109375
4417 0.23865699768066406
4417 0.3418922424316406
4417 0.2551078796386719
4405 0.07987022399902344
4405 0.141143798828125
4405 0.2589225769042969
4405 0.080108642578125
4405 0.11205673217773438
4405 0.164031982421875
4405 0.16188621520996094
4405 0.13184547424316406
4404 0.6048679351806641
4404 0.023126602172851562
4404 0.293731689453125
4404 0.04267692565917969
4404 0.7181167602539062
4404 0.45490264892578125
4404 0.21791458129882812
4404 0.23484230041503906
4404 0.28204917907714844
4404 0.1671314239501953
4398 0.5970001220703125
4394 0.3180503845214844
4394 0.23293495178222656
4394 0.5321502685546875
4394 0.6690025329589844
4394 0.18286705017089844
4394 0.43201446533203125
4394 0.05698204040527344
4394 0.17213821411132812
4394 0.16617774963378906
4394 0.47397613525390625
4394 0.7321834564208984
4382 0.6811618804931641
4382 0.6687641143798828
4382 0.07009506225585938
4382 0.4448890686035156
4379 0.09512901306152344
4379 0.4413127899169922
4379 0.6728172302246094
4379 0.39577484130859375
4379 0.5970001220703125
4379 0.30112266540527344
4379 0.2219676971435547
4379 0.9148120880126953
4379 0.6372928619384766
4379 0.0858306884765625
4379 0.07581710815429688
4379 0.1819133758544922
4379 0.8859634399414062
4379 0.6411075592041016
4371 0.4298686981201172
4371 0.37288665771484375
4371 0.04982948303222656
4371 0.9379386901855469
4371 0.8971691131591797
4363 0.7407665252685547
4363 0.5440711975097656
4363 0.09822845458984375
4363 0.3650188446044922
4363 0.7178783416748047
4363 0.46896934509277344
4363 0.44226646423339844
4363 0.0209808349609375
4363 0.7731914520263672
4363 0.2510547637939453
4360 0.6158351898193359
4360 0.5819797515869141
4355 0.4608631134033203
4355 0.25582313537597656
4352 0.0629425048828125
4352 0.44083595275878906
4352 0.11968612670898438
4352 0.5121231079101562
4343 0.6928443908691406
4337 0.3590583801269531
4334 0.4763603210449219
4334 0.4761219024658203
4334 0.28705596923828125
4320 0.6358623504638672
4320 0.07295608520507812
4320 0.2460479736328125
4320 0.43320655822753906
4320 0.46324729919433594
4320 0.3390312194824219
4320 0.03886222839355469
4316 0.4620552062988281
4316 0.6837844848632812
4316 0.2238750457763672
4316 0.5471706390380859
4316 0.21600723266601562
4316 0.10585784912109375
4316 0.7529258728027344
4316 0.3771781921386719
4308 0.011920928955078125
4305 0.07009506225585938
4298 0.38504600524902344
4267 0.35572052001953125
4267 0.44798851013183594
4267 0.18310546875
4267 0.07700920104980469
4267 0.05316734313964844
4267 0.7290840148925781
4267 0.5600452423095703
4267 0.007867813110351562
4262 0.31304359436035156
4262 0.6153583526611328
4255 0.10800361633300781
4255 0.5800724029541016
4255 0.45108795166015625
4240 0.22077560424804688
4240 0.3199577331542969
4240 0.6608963012695312
4240 0.33211708068847656
4240 0.21791458129882812
4240 0.1709461212158203
4240 0.30684471130371094
4240 0.8399486541748047
4239 0.18405914306640625
4239 0.17213821411132812
4239 0.4649162292480469
4239 0.5521774291992188
4239 0.15211105346679688
4239 0.3070831298828125
4239 0.7579326629638672
4239 0.5929470062255859
4239 0.26106834411621094
4239 0.5681514739990234
4239 0.5619525909423828
4217 0.33473968505859375
4217 0.6349086761474609
4217 0.5228519439697266
4210 0.25391578674316406
4205 0.3218650817871094
4191 0.019788742065429688
4167 0.5838871002197266
4167 0.45108795166015625
4167 0.347137451171875
4167 0.048160552978515625
4167 0.3731250762939453
4166 0.21719932556152344
4166 0.1881122589111328
4166 0.34308433532714844
4166 0.5970001220703125
4166 0.48923492431640625
4160 0.08082389831542969
4160 0.43272972106933594
4160 0.14400482177734375
4160 0.036716461181640625
4160 0.08678436279296875
4160 0.049114227294921875
4160 0.20003318786621094
4160 0.5898475646972656
4160 0.6358623504638672
4160 0.13208389282226562
4160 0.10633468627929688
4160 0.26488304138183594
4160 0.2739429473876953
4160 0.2841949462890625
4157 0.2071857452392578
4157 0.17404556274414062
4157 0.3418922424316406
4132 0.7669925689697266
4124 0.30422210693359375
4124 0.4658699035644531
4124 0.35500526428222656
4124 0.3159046173095703
4123 0.5559921264648438
4119 0.4611015319824219
4118 0.008821487426757812
4118 0.5450248718261719
4118 0.13518333435058594
4118 0.7579326629638672
4118 0.05125999450683594
4118 0.17905235290527344
4118 0.4088878631591797
4118 0.49996376037597656
4118 0.11372566223144531
4118 0.7150173187255859
4118 0.06008148193359375
4118 0.431060791015625
4118 0.48613548278808594
4118 0.1380443572998047
4116 0.7460117340087891
4104 0.5922317504882812
4104 0.03409385681152344
4104 0.392913818359375
4104 0.3352165222167969
4104 0.4448890686035156
4104 0.5869865417480469
4104 0.6959438323974609
4104 0.614166259765625
4104 0.07081031799316406
4104 0.49614906311035156
4104 0.6239414215087891
4092 0.6799697875976562
4092 0.49304962158203125
4092 0.7376670837402344
4049 0.06985664367675781
4049 0.38886070251464844
4049 0.18310546875
4049 0.11491775512695312
4049 0.2090930938720703
4049 0.11706352233886719
4036 0.2961158752441406
4036 0.11205673217773438
4036 0.02002716064453125
4036 0.3192424774169922
4031 0.7071495056152344
4010 0.03981590270996094
4010 0.5338191986083984
4010 0.23317337036132812
3976 0.47588348388671875
3975 0.3228187561035156
3975 0.6258487701416016
3975 0.3781318664550781
3975 0.3421306610107422
3970 0.010013580322265625
3970 0.3859996795654297
3970 0.2918243408203125
3955 0.6680488586425781
3955 0.1800060272216797
3955 0.4742145538330078
3945 0.5860328674316406
3945 0.2491474151611328
3945 0.5619525909423828
3945 0.3261566162109375
3938 0.7112026214599609
3938 0.4138946533203125
3936 0.2999305725097656
3936 0.720977783203125
3933 0.03314018249511719
3910 0.09083747863769531
3910 0.270843505859375
3890 0.7021427154541016
3890 0.26988983154296875
3878 0.6546974182128906
3878 0.3941059112548828
3862 0.4000663757324219
3851 0.7767677307128906
3851 0.2760887145996094
3851 0.025272369384765625
3851 0.2613067626953125
3851 0.18215179443359375
3851 0.11491775512695312
3851 0.1671314239501953
3851 0.064849853515625
3851 0.1819133758544922
3851 0.6399154663085938
3844 0.3802776336669922
3844 0.08130073547363281
3844 0.024080276489257812
3844 0.7729530334472656
3844 0.5953311920166016
