595477 2854.717969894409
595477 17.878055572509766
595477 76.32803916931152
595475 82.52286911010742
595475 67.10410118103027
595473 8.867025375366211
595471 68.05300712585449
595429 27.868986129760742
595429 56.73813819885254
595397 57.70707130432129
595391 19.83189582824707
595388 66.14089012145996
595381 16.325950622558594
595381 21.062850952148438
595378 38.785696029663086
595375 35.74180603027344
595375 69.29302215576172
595375 20.246028900146484
595372 24.311065673828125
595356 61.350107192993164
595356 34.789085388183594
595309 0.09822845458984375
595309 42.67096519470215
595282 68.34912300109863
595282 24.91903305053711
595236 50.89569091796875
595230 48.42996597290039
595230 43.647050857543945
595212 31.355857849121094
595212 20.620107650756836
595212 83.04119110107422
595211 33.57696533203125
595208 31.34894371032715
595205 65.75584411621094
595205 5.731821060180664
595181 64.9709701538086
595162 8.913040161132812
595155 19.13285255432129
595155 42.997121810913086
595130 51.82290077209473
595087 7.219076156616211
595054 17.187118530273438
595054 43.33996772766113
594981 54.59308624267578
594981 60.15610694885254
594955 3.126859664916992
594946 64.49270248413086
594941 51.87511444091797
594852 44.19088363647461
594852 0.911712646484375
594835 34.0268611907959
594771 66.5290355682373
594771 33.19692611694336
594759 58.672189712524414
594719 59.223175048828125
594718 43.298959732055664
594713 75.87099075317383
594693 62.17384338378906
594669 22.27187156677246
594669 13.762235641479492
594667 58.84408950805664
594642 14.766693115234375
594642 9.563684463500977
594632 13.218164443969727
594632 43.092966079711914
594554 8.130073547363281
594553 4.7779083251953125
594553 26.459932327270508
594553 9.357929229736328
594553 24.135828018188477
594553 6.831169128417969
594553 48.73228073120117
594552 25.650978088378906
594552 21.136045455932617
594546 2.0253658294677734
594546 48.521995544433594
594484 49.47996139526367
594484 28.48196029663086
594484 16.930103302001953
594484 36.84568405151367
594423 54.05783653259277
594423 19.086122512817383
594396 66.06507301330566
594396 18.131256103515625
594396 67.97409057617188
594346 62.023162841796875
594318 24.384021759033203
594318 24.596214294433594
594318 4.165887832641602
594277 13.235092163085938
594252 41.79692268371582
594252 52.85906791687012
594252 43.61319541931152
594252 35.70199012756348
594231 21.889925003051758
594196 83.97173881530762
594196 62.54982948303223
594168 64.39709663391113
594167 30.866146087646484
594132 38.6052131652832
594132 64.03589248657227
594118 21.239042282104492
594053 83.99701118469238
594046 38.21587562561035
594046 9.229898452758789
594036 37.438154220581055
594034 36.35525703430176
594024 14.492988586425781
594024 81.32195472717285
594024 75.92177391052246
594010 16.87788963317871
593971 59.248924255371094
593971 76.91597938537598
593946 0.324249267578125
593927 23.17214012145996
593927 5.064964294433594
593915 68.29214096069336
593913 59.67998504638672
593884 51.15699768066406
593884 28.854846954345703
593884 12.109756469726562
593884 28.339147567749023
593884 66.9240951538086
593869 51.53632164001465
593858 12.77303695678711
593858 75.96492767333984
593815 25.09617805480957
593815 43.99418830871582
593808 13.014078140258789
593796 66.43986701965332
593753 19.475936889648438
593705 5.600929260253906
593665 70.36709785461426
593653 9.691953659057617
593653 32.6688289642334
593596 5.231142044067383
593596 1.7719268798828125
593585 54.9471378326416
593585 63.16089630126953
593559 9.48190689086914
593545 76.7049789428711
593545 36.09609603881836
593545 74.5091438293457
593512 46.875
593512 2.8579235076904297
593506 48.03919792175293
593506 67.80004501342773
593506 46.295881271362305
593493 39.15905952453613
593492 63.70806694030762
593492 16.077041625976562
593439 1.3890266418457031
593404 31.449079513549805
593388 48.65407943725586
593388 4.279136657714844
593388 18.769025802612305
593388 48.51365089416504
593360 30.412912368774414
593323 24.678945541381836
593277 12.73202896118164
593260 27.418851852416992
593233 57.40094184875488
593233 63.323974609375
593233 10.117053985595703
593233 66.5428638458252
593233 26.62491798400879
593193 51.74875259399414
593147 16.06607437133789
593136 48.7360954284668
593125 65.75274467468262
593125 13.279914855957031
593114 52.05702781677246
593108 7.955074310302734
593099 58.3500862121582
593071 49.32665824890137
593071 32.59682655334473
593071 24.29986000061035
593026 26.93009376525879
593013 43.929100036621094
593011 11.747121810913086
592997 42.762041091918945
592997 66.47419929504395
592997 20.145893096923828
592997 68.97115707397461
592984 7.781982421875
592984 40.89808464050293
592984 14.748811721801758
592984 6.794929504394531
592976 0.67901611328125
592968 23.10490608215332
592951 53.4367561340332
592942 7.965803146362305
592932 54.33511734008789
592874 27.721881866455078
592874 58.48288536071777
592874 60.49704551696777
592856 27.59385108947754
592810 59.493064880371094
592773 20.886898040771484
592746 17.359018325805664
592746 22.669076919555664
592746 58.25304985046387
592720 50.997018814086914
592698 7.85064697265625
592698 26.844024658203125
592660 42.05894470214844
592651 1.584768295288086
592651 31.14795684814453
592606 36.7732048034668
592606 3.3228397369384766
592606 5.915164947509766
592603 34.97672080993652
592603 42.17123985290527
592603 28.16009521484375
592558 6.894111633300781
592558 36.02790832519531
592527 39.40415382385254
592521 2.568960189819336
592504 72.68404960632324
592504 11.851072311401367
592495 63.98582458496094
592460 37.42194175720215
592439 38.342952728271484
592388 11.831045150756836
592334 20.397186279296875
592334 27.23097801208496
592334 48.92086982727051
592334 70.99795341491699
592322 29.284000396728516
592322 13.080120086669922
592322 48.4769344329834
592322 22.211790084838867
592322 59.29422378540039
592288 52.32715606689453
592241 19.089937210083008
592241 34.73401069641113
592176 72.56507873535156
592176 64.81695175170898
592176 7.96198844909668
592147 8.625984191894531
592147 20.025253295898438
592086 56.643009185791016
592058 43.222904205322266
592058 58.62784385681152
592058 57.23428726196289
592006 59.658050537109375
591958 70.57905197143555
591947 9.019136428833008
591930 18.22805404663086
591914 16.278982162475586
591914 40.364980697631836
591894 30.714988708496094
591852 50.49490928649902
591852 10.226964950561523
591848 22.37987518310547
591792 36.03005409240723
591792 19.257783889770508
591768 45.10998725891113
591746 27.51922607421875
591746 55.65786361694336
591735 64.64195251464844
591724 68.52602958679199
591724 26.13663673400879
591724 2.244234085083008
591708 62.39199638366699
591695 41.56017303466797
591695 38.84005546569824
591666 35.72201728820801
591659 39.63875770568848
591659 39.72506523132324
591659 9.477853775024414
591659 62.33716011047363
591650 15.269279479980469
591595 63.72499465942383
591595 52.83617973327637
591576 61.35225296020508
591558 12.473821640014648
591533 5.048036575317383
591533 69.22698020935059
591514 6.860017776489258
591514 80.39307594299316
591514 8.655071258544922
591514 59.28492546081543
591514 16.705989837646484
591514 74.6760368347168
591514 13.313055038452148
591465 63.097238540649414
591457 10.072946548461914
591457 58.534860610961914
591442 0.5629062652587891
591387 49.16715621948242
591311 32.82308578491211
591311 44.579267501831055
591311 54.930925369262695
591310 14.05024528503418
591310 2.162933349609375
591310 33.7982177734375
591310 48.583030700683594
591290 43.04790496826172
591290 59.121131896972656
591288 43.41912269592285
591284 23.34117889404297
591284 61.17701530456543
591277 37.50205039978027
591277 0.1850128173828125
591277 46.137094497680664
591277 42.001962661743164
591275 38.07687759399414
591275 67.92807579040527
591275 20.517826080322266
591275 38.687944412231445
591247 81.62307739257812
591247 7.570028305053711
591179 23.0100154876709
591169 29.005050659179688
591169 73.83394241333008
591151 65.40894508361816
591089 36.70811653137207
591003 56.681156158447266
591003 10.217905044555664
591003 0.7050037384033203
590992 30.823945999145508
590974 16.525983810424805
590921 37.03594207763672
590911 11.070966720581055
590911 51.24998092651367
590911 50.839900970458984
590898 11.876106262207031
590898 30.023813247680664
590898 80.780029296875
590847 4.282236099243164
590847 57.64007568359375
590788 56.59604072570801
590788 64.45097923278809
590779 1.2848377227783203
590754 5.058050155639648
590754 2.444744110107422
590754 28.615951538085938
590734 61.82098388671875
590734 10.339021682739258
590706 0.4088878631591797
590706 29.968976974487305
590706 32.2880744934082
590706 41.86892509460449
590700 32.65094757080078
590700 38.630008697509766
590684 31.708240509033203
590680 35.51816940307617
590680 20.407915115356445
590679 72.74699211120605
590679 46.665191650390625
590632 10.887861251831055
590600 56.488990783691406
590590 52.258968353271484
590577 48.287153244018555
590572 0.28705596923828125
590572 54.91828918457031
590572 24.0020751953125
590534 34.536123275756836
590522 39.713144302368164
590522 20.686864852905273
590522 30.113697052001953
590514 14.577865600585938
590514 5.095005035400391
590468 2.5348663330078125
590451 35.18104553222656
590451 10.8489990234375
590451 14.116048812866211
590419 49.2100715637207
590397 84.61999893188477
590387 93.37925910949707
590331 23.98204803466797
590290 75.75607299804688
590290 3.6270618438720703
590290 64.55588340759277
590290 74.42998886108398
590290 77.1639347076416
590290 54.15916442871094
590290 34.46602821350098
590290 50.328969955444336
590290 37.010908126831055
590290 37.004947662353516
590271 37.59288787841797
590271 64.84508514404297
590255 35.71724891662598
590173 48.83885383605957
590160 66.99109077453613
590149 25.42901039123535
590134 67.62099266052246
590120 42.694091796875
590120 50.054073333740234
590120 14.65606689453125
590115 3.618001937866211
590115 77.40497589111328
590115 55.21392822265625
590115 27.64582633972168
590105 45.70484161376953
590082 35.50219535827637
590082 12.519121170043945
590082 53.55501174926758
590082 31.940221786499023
590053 66.56098365783691
590022 40.75908660888672
589966 9.639978408813477
589966 78.11117172241211
589932 0.4057884216308594
589929 80.00707626342773
589907 76.11966133117676
589907 61.94305419921875
589906 45.728206634521484
589906 27.869224548339844
589857 75.4539966583252
589833 23.69213104248047
589833 42.810916900634766
589745 20.029067993164062
589733 4.151105880737305
589729 49.07965660095215
589695 45.892953872680664
589689 53.555965423583984
589689 49.66878890991211
589689 64.60213661193848
589689 8.723974227905273
589689 9.566068649291992
589689 49.612998962402344
589684 2.6807785034179688
589684 54.83698844909668
589666 17.171859741210938
589666 17.74001121520996
589660 9.624719619750977
589660 20.68781852722168
589660 1.2197494506835938
589660 17.214059829711914
589660 30.08723258972168
589618 47.15299606323242
589618 35.642147064208984
589601 55.84597587585449
589568 61.23208999633789
589568 15.21921157836914
589545 39.62397575378418
589477 2.3050308227539062
589477 58.61401557922363
589429 50.92906951904297
589429 67.13700294494629
589429 31.560182571411133
589406 63.057899475097656
589406 79.68711853027344
589406 10.130167007446289
589338 78.86624336242676
589338 38.44141960144043
589335 56.55503273010254
589322 38.12694549560547
589322 35.008907318115234
589322 41.056156158447266
589256 13.898134231567383
589247 15.406131744384766
589226 88.4699821472168
589226 60.91594696044922
589226 36.698102951049805
589188 46.86999320983887
589187 36.049842834472656
589179 20.94268798828125
589166 12.857198715209961
589160 36.87596321105957
589160 2.55584716796875
589143 25.1462459564209
589143 68.74418258666992
589136 60.73808670043945
589122 40.6651496887207
589107 68.33791732788086
589068 23.639917373657227
589062 21.399974822998047
589062 50.009965896606445
589059 74.16296005249023
589059 7.109880447387695
589051 49.92103576660156
589051 47.708988189697266
589032 49.02505874633789
589032 66.77699089050293
588965 55.68265914916992
588965 2.7039051055908203
588957 29.202938079833984
588921 46.27490043640137
588912 64.77689743041992
588912 5.085945129394531
588880 77.6360034942627
588799 5.0811767578125
588799 46.0207462310791
588755 58.686017990112305
588750 57.60812759399414
588739 4.385232925415039
588737 86.05504035949707
588737 59.48495864868164
588706 77.69179344177246
588706 30.292034149169922
588706 56.24032020568848
588674 14.946222305297852
588674 25.379180908203125
588618 55.12285232543945
588618 83.19592475891113
588618 68.50314140319824
588618 45.606136322021484
588618 46.185970306396484
588618 73.8680362701416
588618 58.255910873413086
588605 42.600154876708984
588605 62.690019607543945
588605 14.407157897949219
588596 36.91601753234863
588596 67.25716590881348
588562 80.9168815612793
588562 48.233985900878906
588562 38.34390640258789
588562 32.95183181762695
588559 60.6389045715332
588559 32.34410285949707
588559 58.583974838256836
588533 15.547990798950195
588533 65.07611274719238
588533 54.353952407836914
588525 62.53814697265625
588521 67.32511520385742
588520 20.122289657592773
588511 52.7191162109375
588511 15.680074691772461
588477 64.11600112915039
588477 61.24615669250488
588477 17.574787139892578
588477 7.2040557861328125
588464 60.884952545166016
588447 28.67579460144043
588423 14.183998107910156
588423 10.75291633605957
588417 4.131793975830078
588417 25.625228881835938
588417 9.569644927978516
588386 11.428117752075195
588386 59.82327461242676
588351 69.12612915039062
588351 27.457714080810547
588316 48.82979393005371
588298 72.6017951965332
588255 60.47701835632324
588255 29.50286865234375
588253 58.416128158569336
588253 42.06514358520508
588253 47.209978103637695
588253 69.35882568359375
588251 14.482975006103516
588213 40.02881050109863
588193 26.936054229736328
588177 0.2460479736328125
588177 77.80313491821289
588177 36.4532470703125
588123 76.36308670043945
588112 31.991004943847656
588101 61.385154724121094
588101 59.203147888183594
588101 35.83526611328125
588101 28.459787368774414
588101 15.837907791137695
588101 38.971900939941406
588101 26.25107765197754
588090 73.05121421813965
588090 9.553909301757812
588061 33.014774322509766
588045 30.714035034179688
588045 32.3948860168457
588038 61.0349178314209
588038 13.693094253540039
588020 4.2819976806640625
588006 34.152984619140625
588006 30.303001403808594
587999 8.961915969848633
587990 56.43486976623535
587966 31.48484230041504
587966 6.791830062866211
587966 16.40772819519043
587939 40.3599739074707
587939 55.96494674682617
587939 36.705970764160156
587939 4.173040390014648
587930 13.953924179077148
587930 63.1098747253418
587930 3.2808780670166016
587930 24.702072143554688
587930 14.837026596069336
587930 59.57603454589844
587929 30.384302139282227
587929 55.07802963256836
587929 27.58502960205078
587906 0.6730556488037109
587893 54.879188537597656
587893 36.55672073364258
587887 55.53722381591797
587863 56.874990463256836
587843 38.42878341674805
587774 27.78029441833496
587761 44.12698745727539
587761 34.70182418823242
587761 17.27294921875
587761 23.47111701965332
587761 23.97918701171875
587761 49.633026123046875
587718 67.19779968261719
587718 49.422264099121094
587711 19.500017166137695
587711 55.51791191101074
587711 46.34881019592285
587708 50.520896911621094
587708 28.47886085510254
587701 20.151853561401367
587701 56.162118911743164
587701 64.84198570251465
587701 41.300058364868164
587701 38.81120681762695
587696 32.763004302978516
587668 74.27692413330078
587650 9.88006591796875
587644 74.36418533325195
587639 62.51120567321777
587630 9.766101837158203
587630 10.413885116577148
587622 16.56508445739746
587607 1.0731220245361328
587570 50.82392692565918
587570 31.90779685974121
587565 75.79278945922852
587505 84.20896530151367
587494 32.077789306640625
587487 49.45206642150879
587464 60.1658821105957
587453 40.702104568481445
587453 41.38016700744629
587416 23.8800048828125
587416 37.88018226623535
587416 66.72787666320801
587416 69.47183609008789
587416 55.9999942779541
587416 45.20416259765625
587416 17.915010452270508
587416 48.23708534240723
587404 84.2580795288086
587404 41.5349006652832
587404 77.69489288330078
587394 22.115707397460938
587377 6.450891494750977
587377 55.11188507080078
587377 16.904115676879883
587377 34.91497039794922
587349 3.930807113647461
587307 1.4498233795166016
587307 41.078805923461914
587300 9.350776672363281
587300 35.764217376708984
587285 97.41330146789551
587285 34.277915954589844
587267 49.84307289123535
587212 40.441274642944336
587162 57.5559139251709
587143 14.72783088684082
587143 14.358043670654297
587132 5.959987640380859
587094 9.524822235107422
587043 32.34410285949707
587009 27.609825134277344
587009 77.52084732055664
587003 6.269931793212891
586989 6.91986083984375
586937 4.884958267211914
586937 82.1371078491211
586895 44.98100280761719
586868 30.976057052612305
586868 63.490867614746094
586868 21.217823028564453
586839 4.045009613037109
586839 42.288780212402344
586802 10.958671569824219
586789 2.754688262939453
586781 11.713027954101562
586758 36.251068115234375
586758 60.178279876708984
586757 19.177913665771484
586757 10.39576530456543
586749 41.55111312866211
586712 66.62893295288086
586712 61.738014221191406
586700 31.160831451416016
586678 39.53385353088379
586678 63.12084197998047
586672 50.092220306396484
586672 40.060997009277344
586621 27.394771575927734
586621 28.72776985168457
586612 61.48576736450195
586603 31.056880950927734
586569 23.85401725769043
586567 36.08083724975586
586555 7.648944854736328
586481 48.444271087646484
586422 4.2057037353515625
586415 11.16800308227539
586415 40.290117263793945
586373 25.099992752075195
586373 64.30506706237793
586349 11.744022369384766
586349 49.8499870300293
586349 60.05716323852539
586349 63.80200386047363
586347 35.81500053405762
586347 7.857799530029297
586323 71.94375991821289
586299 68.65620613098145
586299 47.89924621582031
586299 47.60408401489258
586299 63.491106033325195
586299 67.23713874816895
586299 65.84906578063965
586299 61.567068099975586
586270 5.856990814208984
586264 12.427091598510742
586245 10.532855987548828
586245 31.322717666625977
586245 21.71611785888672
586231 45.545101165771484
586231 18.862009048461914
586223 35.97307205200195
586223 10.908842086791992
586223 57.16705322265625
586221 49.80897903442383
586196 16.321182250976562
586183 22.922992706298828
586169 19.12713050842285
586167 59.678077697753906
586167 8.919000625610352
586167 60.51278114318848
586138 25.506973266601562
586134 29.53195571899414
586127 54.634809494018555
586115 48.83885383605957
586115 47.128915786743164
586115 27.347087860107422
586115 4.057168960571289
586104 25.701045989990234
586068 13.775110244750977
586068 9.87386703491211
586046 48.50196838378906
585976 51.43332481384277
585937 29.87504005432129
585937 85.64615249633789
585937 62.80398368835449
585916 55.39727210998535
585916 55.89604377746582
585916 54.58688735961914
585916 36.26084327697754
585916 8.51297378540039
585916 69.57578659057617
585916 15.205144882202148
585912 61.93900108337402
585884 52.84929275512695
585884 4.544973373413086
585857 24.849891662597656
585839 67.13509559631348
585839 66.62702560424805
585839 62.68596649169922
585839 10.52999496459961
585826 26.391029357910156
585826 8.081912994384766
585790 10.084152221679688
585786 27.647018432617188
585771 43.15924644470215
585752 31.528234481811523
585733 44.50082778930664
585723 41.87607765197754
585723 57.31201171875
585723 58.901071548461914
585717 43.25103759765625
585717 32.96709060668945
585717 2.473115921020508
585686 11.115074157714844
585667 11.831045150756836
585667 39.525747299194336
585655 17.403841018676758
585655 76.18498802185059
585655 1.9938945770263672
585617 69.89908218383789
585608 64.75210189819336
585608 1.094818115234375
585598 10.515928268432617
585566 31.480073928833008
585566 18.75901222229004
585566 11.150121688842773
585552 6.505250930786133
585552 0.30612945556640625
585552 43.42198371887207
585552 53.510189056396484
585552 11.859893798828125
585552 73.06075096130371
585538 60.1809024810791
585515 46.85378074645996
585515 5.213022232055664
585515 7.097005844116211
585509 63.18807601928711
585509 68.15791130065918
585501 3.9718151092529297
585497 62.84213066101074
585497 16.448020935058594
585497 55.55319786071777
585497 15.921354293823242
585497 43.740034103393555
585448 81.49003982543945
585436 20.001888275146484
585436 30.744075775146484
585435 53.97677421569824
585435 61.0501766204834
585396 13.521909713745117
585393 52.53291130065918
585381 59.33690071105957
585338 18.444061279296875
585338 27.116060256958008
585277 17.10224151611328
585277 16.665220260620117
585277 4.536151885986328
585253 26.98230743408203
585245 52.817344665527344
585245 5.419015884399414
585213 14.702081680297852
585185 27.774810791015625
585183 38.125038146972656
585183 11.439800262451172
585157 57.41119384765625
585157 47.48415946960449
585157 40.155887603759766
585157 9.675979614257812
585126 7.62486457824707
585126 33.07390213012695
585126 35.977840423583984
585123 34.98530387878418
585123 22.051095962524414
585048 20.4012393951416
584994 0.2810955047607422
584975 14.403104782104492
584973 37.60194778442383
584973 41.22018814086914
584958 37.242889404296875
584958 35.05301475524902
584946 48.43282699584961
584946 28.19204330444336
584946 64.38708305358887
584932 58.075904846191406
584932 54.34417724609375
584932 30.153751373291016
584877 13.579130172729492
584877 5.871772766113281
584850 64.4989013671875
584850 58.326005935668945
584825 48.33388328552246
584825 50.65011978149414
584807 11.568069458007812
584788 61.96475028991699
584788 56.67614936828613
584781 132.61795043945312
584771 58.396100997924805
584720 20.23601531982422
584720 35.093069076538086
584720 79.4222354888916
584714 87.6612663269043
584698 26.658058166503906
584695 41.40901565551758
584695 50.769805908203125
584654 10.841846466064453
584603 71.74515724182129
584587 1.313924789428711
584587 50.475120544433594
584587 35.03108024597168
584515 60.038089752197266
584515 8.47935676574707
584515 61.30790710449219
584496 46.800851821899414
584496 1.3339519500732422
584448 53.35378646850586
584429 54.20207977294922
584390 54.30102348327637
584342 60.59432029724121
584342 73.13108444213867
584342 54.50701713562012
584342 69.79012489318848
584335 14.517068862915039
584301 33.432722091674805
584296 36.83781623840332
584266 45.70293426513672
584218 73.16708564758301
584193 8.075952529907227
584140 42.830705642700195
584110 40.197134017944336
584110 15.204191207885742
584110 17.718791961669922
584084 66.95199012756348
584084 37.45698928833008
584051 66.7881965637207
584001 66.8799877166748
584001 18.372297286987305
583983 28.714895248413086
583983 10.157108306884766
583983 2.22015380859375
583983 36.56601905822754
583983 39.25585746765137
583943 31.264781951904297
583943 34.507036209106445
583928 6.314992904663086
583928 63.11392784118652
583928 10.040044784545898
583925 11.439800262451172
583925 63.22598457336426
583914 3.0121803283691406
583914 18.6159610748291
583903 41.99814796447754
583903 22.223949432373047
583887 60.25218963623047
583887 51.53203010559082
583859 14.074087142944336
583837 49.17192459106445
583831 35.394906997680664
583821 30.867338180541992
583821 41.007041931152344
583818 37.966012954711914
583808 59.660911560058594
583808 34.89875793457031
583808 48.82478713989258
583808 58.528900146484375
583808 67.93904304504395
583807 33.483028411865234
583803 15.134096145629883
583796 22.794008255004883
583796 1.0330677032470703
583771 29.44803237915039
583771 50.547122955322266
583770 19.549846649169922
583770 65.1848316192627
583741 54.58521842956543
583741 62.52598762512207
583741 11.906147003173828
583740 23.857831954956055
583716 65.30618667602539
583712 28.78093719482422
583712 62.80684471130371
583696 37.41884231567383
583694 44.18683052062988
583694 31.969070434570312
583694 58.020830154418945
583677 47.7900505065918
583677 1.1179447174072266
583667 49.38006401062012
583587 0.030994415283203125
583587 34.18612480163574
583587 61.5842342376709
583587 46.710968017578125
583577 14.883041381835938
583552 20.941972732543945
583552 5.100250244140625
583552 28.812885284423828
583530 28.834819793701172
583530 31.680583953857422
583530 3.965139389038086
583522 41.23711585998535
583522 20.138025283813477
583502 35.08710861206055
583455 27.170896530151367
583447 5.262851715087891
583437 47.96099662780762
583437 23.18120002746582
583437 7.409095764160156
583437 2.4650096893310547
583437 8.204936981201172
583437 64.60690498352051
583409 27.10580825805664
583340 10.277032852172852
583330 4.323005676269531
583327 1.1060237884521484
583327 6.093025207519531
583294 36.18931770324707
583217 62.36100196838379
583217 18.949270248413086
583192 38.10882568359375
583192 35.623788833618164
583175 53.99799346923828
583175 27.575969696044922
583115 28.659820556640625
583092 19.478797912597656
583092 18.088817596435547
583092 36.95201873779297
583050 11.282920837402344
583000 34.010887145996094
583000 42.15097427368164
583000 56.199073791503906
583000 9.906291961669922
583000 27.738094329833984
582976 62.13998794555664
582967 16.96324348449707
582945 10.787010192871094
582945 13.913154602050781
582945 27.824878692626953
