145716 187.6540184020996
145702 8.108139038085938
145684 8.029937744140625
145651 13.667821884155273
145648 3.818988800048828
145606 10.035276412963867
145583 5.271673202514648
145554 10.338068008422852
145554 3.7567615509033203
145554 8.056163787841797
145541 1.405954360961914
145532 4.204034805297852
145532 12.46500015258789
145482 8.610010147094727
145473 4.239082336425781
145471 0.8640289306640625
145471 3.3369064331054688
145471 5.135059356689453
145420 5.37109375
145420 3.6950111389160156
145420 0.48923492431640625
145409 2.6319026947021484
145409 11.517047882080078
145367 4.044055938720703
145367 1.0020732879638672
145333 6.7157745361328125
145297 7.494926452636719
145265 1.9009113311767578
145261 7.9669952392578125
145261 9.78398323059082
145261 1.8641948699951172
145261 7.158041000366211
145261 5.869150161743164
145241 6.939888000488281
145237 13.278007507324219
145235 3.2529830932617188
145214 0.47898292541503906
145205 3.7376880645751953
145205 12.780904769897461
145195 2.878904342651367
145181 8.786916732788086
145166 12.001752853393555
145153 12.382030487060547
145142 9.639263153076172
145142 4.292011260986328
145142 0.06985664367675781
145142 2.8569698333740234
145137 9.469985961914062
145131 5.392789840698242
145131 0.8358955383300781
145078 10.843038558959961
145059 3.6721229553222656
145059 7.568836212158203
145049 6.710052490234375
145019 12.905120849609375
145019 7.4901580810546875
145019 10.369062423706055
145019 8.818864822387695
145019 6.972074508666992
145014 9.854316711425781
145006 7.171869277954102
144978 8.514165878295898
144957 10.905265808105469
144953 3.9610862731933594
144953 12.486934661865234
144943 5.22923469543457
144943 7.753849029541016
144920 12.139081954956055
144920 2.092123031616211
144920 9.327173233032227
144920 6.560087203979492
144920 2.977132797241211
144919 5.808830261230469
144919 10.635852813720703
144878 0.2880096435546875
144878 5.158185958862305
144796 2.705812454223633
144796 3.074169158935547
144796 11.240005493164062
144796 2.6578903198242188
144773 11.720895767211914
144773 7.602930068969727
144749 13.145923614501953
144715 0.13494491577148438
144691 2.483367919921875
144658 10.164976119995117
144624 12.280702590942383
144610 5.930900573730469
144610 2.1719932556152344
144584 4.170894622802734
144557 9.512901306152344
144524 13.429880142211914
144524 1.9271373748779297
144524 12.474775314331055
144524 7.959842681884766
144517 5.441904067993164
144489 12.367010116577148
144485 14.562606811523438
144485 0.3292560577392578
144454 12.713909149169922
144454 3.831148147583008
144445 11.616706848144531
144370 5.265951156616211
144353 10.092020034790039
144353 10.530948638916016
144314 7.204771041870117
144238 14.937162399291992
144238 13.294219970703125
144236 2.0380020141601562
144236 6.682157516479492
144220 9.729146957397461
144209 3.968954086303711
144209 16.9217586517334
144188 14.322996139526367
144168 1.6779899597167969
144110 4.283905029296875
144110 12.731075286865234
144110 1.8880367279052734
144066 14.822959899902344
144066 18.884897232055664
144066 7.359981536865234
144066 2.785921096801758
144066 2.3431777954101562
144046 3.7078857421875
144046 4.271984100341797
144039 8.877992630004883
144029 0.2727508544921875
144029 7.372140884399414
144029 13.075828552246094
144028 3.832101821899414
144014 3.057718276977539
143966 13.215065002441406
143966 4.275798797607422
143966 4.461050033569336
143966 8.307933807373047
143966 4.601240158081055
143966 0.2551078796386719
143899 11.595010757446289
143899 1.4028549194335938
143848 11.011123657226562
143848 5.062103271484375
143848 5.097389221191406
143832 7.013082504272461
143832 9.294748306274414
143832 5.386114120483398
143832 12.799978256225586
143832 8.610963821411133
143832 4.523992538452148
143818 4.739046096801758
143816 6.223917007446289
143805 5.198240280151367
143795 0.5691051483154297
143795 2.421855926513672
143792 1.1429786682128906
143792 5.716085433959961
143792 7.079839706420898
143737 5.892038345336914
143737 11.150121688842773
143708 2.3789405822753906
143634 4.777193069458008
143623 1.5888214111328125
143574 2.3479461669921875
143574 8.950948715209961
143521 7.915735244750977
143521 7.586002349853516
143505 11.523008346557617
143483 7.190227508544922
143483 11.043071746826172
143458 2.2389888763427734
143458 9.40394401550293
143415 1.631021499633789
143410 10.29205322265625
143410 0.16188621520996094
143384 1.4789104461669922
143384 1.3508796691894531
143384 5.394935607910156
143384 0.4181861877441406
143382 8.098125457763672
143363 1.5430450439453125
143363 5.781888961791992
143342 8.640766143798828
143342 7.884979248046875
143336 11.258125305175781
143336 10.831117630004883
143336 6.234884262084961
143336 11.989116668701172
143336 1.7018318176269531
143336 6.152868270874023
143326 1.9772052764892578
143304 2.6192665100097656
143304 3.0279159545898438
143282 5.48100471496582
143257 0.5970001220703125
143257 10.914087295532227
143257 0.8041858673095703
143257 12.237071990966797
143219 2.613067626953125
143219 9.62376594543457
143213 11.828184127807617
143191 0.9300708770751953
143191 10.53309440612793
143191 2.4979114532470703
143158 7.967948913574219
143147 5.665063858032227
143147 7.261037826538086
143136 4.133939743041992
143136 11.103153228759766
143136 4.952907562255859
143132 0.13184547424316406
143132 0.5388259887695312
143132 7.091999053955078
143132 13.800859451293945
143127 1.3620853424072266
143127 3.420114517211914
143127 12.302160263061523
143118 10.876178741455078
143101 1.6071796417236328
143085 9.730100631713867
143085 10.954141616821289
143085 14.081716537475586
143076 13.063907623291016
143076 11.501073837280273
143076 11.178970336914062
143076 12.93492317199707
143023 4.7512054443359375
143005 13.033151626586914
143005 8.141040802001953
143005 9.729146957397461
142985 9.816169738769531
142985 1.4019012451171875
142985 9.212017059326172
142985 2.424001693725586
142985 9.781122207641602
142967 6.165027618408203
142967 10.096311569213867
142967 7.664918899536133
142967 8.84103775024414
142929 7.124900817871094
142929 10.020017623901367
142906 3.103017807006836
142862 11.766195297241211
142845 4.277944564819336
142828 10.175943374633789
142828 1.5609264373779297
142828 3.9680004119873047
142828 0.2799034118652344
142819 3.4780502319335938
142772 12.531042098999023
142699 11.178016662597656
142671 10.606050491333008
142671 11.35110855102539
142667 2.3550987243652344
142664 13.675928115844727
142664 12.219905853271484
142662 4.257917404174805
142624 10.459184646606445
142572 10.724306106567383
142564 1.0540485382080078
142560 13.916969299316406
142543 4.967927932739258
142543 3.6296844482421875
142519 13.461828231811523
142519 2.930879592895508
142519 8.276939392089844
142511 9.619951248168945
142493 3.201007843017578
142493 13.47208023071289
142489 3.5250186920166016
142459 13.080120086669922
142459 7.403135299682617
142448 2.4979114532470703
142448 13.147115707397461
142448 6.268978118896484
142428 11.108875274658203
142428 7.435083389282227
142428 0.7941722869873047
142402 11.493206024169922
142385 8.929014205932617
142385 5.774736404418945
142385 5.992889404296875
142363 5.852937698364258
142363 1.2059211730957031
142362 6.853818893432617
142362 8.543014526367188
142360 1.6231536865234375
142360 4.315853118896484
142317 12.962818145751953
142308 2.087116241455078
142308 5.837917327880859
142308 5.569934844970703
142299 7.153987884521484
142263 2.3849010467529297
142263 0.5943775177001953
142263 13.20195198059082
142256 4.341840744018555
142256 4.249095916748047
142256 7.266998291015625
142256 10.371208190917969
142239 3.9780139923095703
142239 6.39796257019043
142239 7.533073425292969
142187 5.690097808837891
142187 2.006053924560547
142119 1.6508102416992188
142119 6.129980087280273
142119 1.1360645294189453
142119 12.566804885864258
142111 9.697914123535156
142111 13.860940933227539
142111 3.8373470306396484
142111 0.701904296875
142105 8.701086044311523
142105 2.8553009033203125
142105 10.190010070800781
142088 4.331111907958984
142088 7.503986358642578
142061 3.637075424194336
142032 4.068851470947266
141994 10.421037673950195
141994 4.9381256103515625
141961 10.24007797241211
141961 7.397890090942383
141952 3.782987594604492
141907 6.901025772094727
141894 11.644124984741211
141894 5.966901779174805
141888 6.9141387939453125
141888 8.479118347167969
141888 11.391162872314453
141888 9.804964065551758
141853 11.749982833862305
141853 9.31692123413086
141816 14.068841934204102
141788 13.496875762939453
141788 3.4668445587158203
141788 12.18104362487793
141788 13.33308219909668
141788 6.7348480224609375
141788 4.659891128540039
141788 12.625932693481445
141764 8.826971054077148
141764 8.781909942626953
141764 12.306928634643555
141764 6.314992904663086
141759 0.9260177612304688
141743 7.370948791503906
141733 7.049798965454102
141719 5.7430267333984375
141719 10.219097137451172
141719 0.9961128234863281
141695 0.86212158203125
141677 12.186765670776367
141657 12.01486587524414
141657 7.928133010864258
141649 5.645036697387695
141639 5.851984024047852
141603 2.418994903564453
141597 1.4111995697021484
141562 9.907960891723633
141562 4.186868667602539
141562 8.918046951293945
141562 10.956048965454102
141562 1.1429786682128906
141562 11.851072311401367
141534 13.08584213256836
141484 5.618810653686523
141484 1.3539791107177734
141484 0.2980232238769531
141466 6.469249725341797
141422 1.3880729675292969
141418 3.6537647247314453
141418 2.300262451171875
141403 10.865926742553711
141403 3.332853317260742
141403 12.645244598388672
141403 8.177757263183594
141403 2.444028854370117
141387 6.905794143676758
141387 1.5027523040771484
141359 10.926008224487305
141359 9.647130966186523
141359 0.7798671722412109
141293 12.525796890258789
141293 12.731790542602539
141293 10.000944137573242
141200 3.429889678955078
141164 1.5358924865722656
141141 4.4879913330078125
141138 6.25300407409668
141138 12.830018997192383
141127 3.0961036682128906
141112 7.748126983642578
141045 9.383916854858398
141045 3.9348602294921875
141045 11.474847793579102
141045 10.210752487182617
141045 12.055635452270508
141031 3.033876419067383
141031 9.693384170532227
141031 9.654998779296875
141029 11.264801025390625
141029 8.854866027832031
141026 3.2241344451904297
141026 2.6161670684814453
141026 1.3661384582519531
141026 12.823104858398438
141026 5.550146102905273
140990 8.651018142700195
140990 8.448123931884766
140970 7.38978385925293
140970 10.071039199829102
140960 13.141393661499023
140938 1.3000965118408203
140938 11.538982391357422
140895 10.670900344848633
140869 12.848854064941406
140869 10.718107223510742
140863 13.428926467895508
140851 4.024267196655273
140847 3.579854965209961
140847 0.6661415100097656
140847 1.1129379272460938
140828 2.070188522338867
140827 5.492925643920898
140792 1.4369487762451172
140777 13.707876205444336
140777 11.505842208862305
140723 3.7822723388671875
140718 3.0918121337890625
140718 4.702091217041016
140718 1.5652179718017578
140718 12.545108795166016
140718 9.721994400024414
140699 3.6039352416992188
140699 2.393007278442383
140682 7.90095329284668
140674 12.175798416137695
140672 13.695955276489258
140672 11.564016342163086
140672 1.2831687927246094
140672 3.579854965209961
140656 6.541013717651367
140614 4.849910736083984
140614 10.370969772338867
140614 5.192279815673828
140614 12.156963348388672
140596 3.4220218658447266
140564 2.892017364501953
140564 2.4700164794921875
140488 13.538122177124023
140470 2.9621124267578125
140470 9.680986404418945
140470 12.117862701416016
140452 3.475189208984375
140408 7.080316543579102
140403 12.517213821411133
140392 1.1138916015625
140360 13.297796249389648
140343 0.1049041748046875
140343 3.7741661071777344
140343 13.72385025024414
140302 10.6201171875
140301 2.1719932556152344
140301 11.751890182495117
140286 3.0651092529296875
140286 12.22991943359375
140284 9.979009628295898
140265 7.793903350830078
140265 13.122797012329102
140245 7.662296295166016
140213 11.307954788208008
140213 3.170013427734375
140194 4.292964935302734
140194 13.504981994628906
140194 8.703947067260742
140194 11.955976486206055
140194 3.495931625366211
140194 9.177684783935547
140185 11.708974838256836
140185 8.93712043762207
140185 11.533021926879883
140176 7.00688362121582
140176 6.441831588745117
140174 13.839960098266602
140154 5.42902946472168
140114 6.030082702636719
140111 3.152132034301758
140060 7.5588226318359375
140045 9.621858596801758
140045 3.3791065216064453
140026 6.842136383056641
140026 12.57777214050293
140026 1.3339519500732422
140015 9.138822555541992
140015 10.276079177856445
140008 13.34381103515625
140008 5.640983581542969
139997 5.063295364379883
139997 5.613088607788086
139986 13.606071472167969
139986 5.082845687866211
139977 11.884927749633789
139972 0.8287429809570312
139972 5.068778991699219
139960 12.341976165771484
139946 8.340120315551758
139946 0.8227825164794922
139905 3.599882125854492
139905 6.803035736083984
139886 6.129980087280273
139886 11.615991592407227
139886 5.415916442871094
139876 6.385087966918945
139876 6.979703903198242
139876 10.688066482543945
139876 6.845951080322266
139800 13.03720474243164
139786 0.2720355987548828
139786 11.558771133422852
139772 10.071039199829102
139772 7.254838943481445
139761 6.331920623779297
139749 10.141134262084961
139749 7.225990295410156
139748 4.220724105834961
139748 5.752086639404297
139748 0.18906593322753906
139737 11.783123016357422
139694 0.18787384033203125
139694 6.992816925048828
139694 10.324954986572266
139694 3.3500194549560547
139677 6.807088851928711
139677 5.33604621887207
139677 4.801034927368164
139659 5.307197570800781
139659 6.87718391418457
139659 6.4640045166015625
139659 4.676103591918945
139638 12.368202209472656
139599 3.3528804779052734
139582 7.443904876708984
139582 11.497020721435547
139582 2.3927688598632812
139582 10.29515266418457
139582 13.097047805786133
139582 5.21087646484375
139527 3.737926483154297
139489 4.525899887084961
139489 4.091978073120117
139489 7.46607780456543
139489 9.289979934692383
139489 11.390209197998047
139485 9.678125381469727
139485 8.361101150512695
139477 6.527900695800781
139458 4.685878753662109
139458 10.442018508911133
139458 12.64500617980957
139458 1.1997222900390625
139458 1.1761188507080078
139458 3.2041072845458984
139436 3.882884979248047
139436 4.155874252319336
139436 13.253211975097656
139436 8.945226669311523
139434 7.897853851318359
139411 7.2841644287109375
139404 13.214826583862305
139382 8.449077606201172
139378 11.823177337646484
139376 10.685920715332031
139367 1.5811920166015625
139332 5.6362152099609375
139332 5.135774612426758
139315 7.519006729125977
139296 7.498025894165039
139296 12.231826782226562
139296 0.8261203765869141
139296 10.00070571899414
139296 7.411003112792969
139296 8.44717025756836
139296 6.247997283935547
139296 3.390073776245117
139296 9.106159210205078
139296 7.277965545654297
139296 3.330230712890625
139296 10.6048583984375
139289 11.930704116821289
139230 0.03314018249511719
139215 10.40506362915039
139206 4.9457550048828125
139206 3.1609535217285156
139197 7.915973663330078
139180 4.748106002807617
139162 6.705045700073242
139162 0.7262229919433594
139151 13.518095016479492
139151 10.776758193969727
139145 7.976770401000977
139145 4.656076431274414
139104 6.056785583496094
139095 3.0257701873779297
139060 10.658979415893555
139060 8.950948715209961
139007 8.582830429077148
139007 12.094259262084961
139007 11.83009147644043
138990 10.216951370239258
138990 2.640962600708008
138984 7.254838943481445
138984 9.608268737792969
138984 6.915092468261719
138957 0.47588348388671875
138933 2.8600692749023438
138932 0.4191398620605469
138932 1.8031597137451172
138932 10.410070419311523
138913 12.302875518798828
138901 6.23011589050293
138898 7.774114608764648
138898 0.2579689025878906
138880 1.7490386962890625
138876 10.75601577758789
138863 0.5810260772705078
138850 5.469083786010742
138850 8.647918701171875
138843 8.661985397338867
138804 13.476848602294922
138804 7.915973663330078
138804 0.8759498596191406
138792 10.788917541503906
138791 3.268718719482422
138780 0.3151893615722656
138745 10.96200942993164
138716 1.4920234680175781
138716 10.59412956237793
138716 2.025127410888672
138707 12.720108032226562
138707 8.446216583251953
138690 11.387109756469727
138683 10.12873649597168
138683 0.05507469177246094
138683 4.018068313598633
138663 1.0979175567626953
138663 10.862112045288086
138655 0.9510517120361328
138655 12.154102325439453
138652 11.00921630859375
138652 3.3850669860839844
138588 7.01904296875
138588 2.463102340698242
138588 11.614084243774414
138588 3.259897232055664
138582 2.2008419036865234
138582 10.545969009399414
138582 11.978864669799805
138535 4.9419403076171875
138505 1.6598701477050781
138467 5.594968795776367
138467 7.67827033996582
138454 8.925914764404297
138380 13.747930526733398
138371 2.5451183319091797
138349 13.98611068725586
138349 9.113073348999023
138349 10.281085968017578
138333 6.5860748291015625
138331 6.636857986450195
138328 0.2079010009765625
138305 12.082815170288086
138272 6.69097900390625
138249 2.9091835021972656
138249 6.392955780029297
138249 11.922121047973633
138249 6.955862045288086
138249 1.6970634460449219
138194 3.6432743072509766
138182 12.355804443359375
138137 2.652883529663086
138135 11.933326721191406
138111 13.459920883178711
138045 2.344846725463867
138015 9.680032730102539
137969 0.7970333099365234
137969 3.7407875061035156
137969 2.371072769165039
137966 2.894163131713867
137966 13.554096221923828
137927 4.741907119750977
137927 1.316070556640625
137891 8.884906768798828
137891 7.169961929321289
137864 11.322975158691406
137834 6.075859069824219
137818 0.3578662872314453
137817 13.709783554077148
137794 0.5428791046142578
137780 9.935140609741211
137756 11.295080184936523
137756 9.653806686401367
137740 10.664939880371094
137733 7.552146911621094
137733 0.7321834564208984
137722 8.369922637939453
137708 9.492874145507812
137708 8.978128433227539
137684 9.735107421875
137684 12.191057205200195
137684 4.745960235595703
137672 13.083934783935547
137623 3.851175308227539
137586 4.951000213623047
137586 3.9288997650146484
137586 10.951995849609375
137586 12.646198272705078
137586 4.944086074829102
137586 0.6759166717529297
137586 7.813930511474609
137570 0.019073486328125
137561 0.7309913635253906
137561 4.416942596435547
137550 9.885311126708984
137550 11.286020278930664
137515 2.9931068420410156
137515 2.593994140625
137479 9.583234786987305
137479 3.076791763305664
137479 8.969783782958984
137479 12.164831161499023
137479 9.6588134765625
137444 6.936788558959961
137419 8.225202560424805
137419 12.796163558959961
137372 5.946874618530273
137312 4.884004592895508
137281 5.176067352294922
137266 12.477874755859375
137266 5.092144012451172
137266 6.148815155029297
137266 6.605863571166992
137266 9.409904479980469
137266 10.698080062866211
137259 3.8640499114990234
137254 3.9818286895751953
137254 6.227970123291016
137225 3.6721229553222656
137225 1.7018318176269531
137225 11.639118194580078
137225 10.07080078125
137203 7.849931716918945
137203 12.814998626708984
137203 9.219169616699219
137182 3.3311843872070312
137182 10.901927947998047
137182 3.1070709228515625
137182 10.666847229003906
137182 7.019996643066406
137136 6.309032440185547
137136 8.15582275390625
137136 7.09986686706543
137135 3.0601024627685547
137135 5.069732666015625
137135 10.565042495727539
137135 13.714790344238281
137131 8.854866027832031
137130 5.343914031982422
137130 2.7511119842529297
137120 12.269020080566406
137106 7.525920867919922
137106 6.582975387573242
137084 8.579254150390625
137082 4.008293151855469
137082 8.4228515625
137082 10.835409164428711
137082 2.524852752685547
137082 1.631021499633789
137082 0.8549690246582031
137071 8.779764175415039
137064 2.0148754119873047
137064 6.172895431518555
137064 12.223005294799805
137064 5.699872970581055
137064 1.4777183532714844
137064 4.85682487487793
137064 13.087034225463867
137064 12.709856033325195
137064 5.80596923828125
137040 10.065793991088867
137040 3.618001937866211
137014 7.796287536621094
137011 6.061077117919922
137011 4.928827285766602
137011 8.481979370117188
137011 4.835844039916992
137011 0.36978721618652344
137011 2.2771358489990234
137011 3.1588077545166016
136989 10.50424575805664
136989 12.106180191040039
136989 8.318901062011719
136988 6.93202018737793
136988 12.849807739257812
136980 3.9250850677490234
136980 6.432056427001953
136980 4.079103469848633
136961 10.669231414794922
136932 3.0901432037353516
136920 4.611968994140625
136887 11.840105056762695
136883 8.901834487915039
136883 12.187004089355469
136876 7.742166519165039
136876 1.5790462493896484
136876 13.071060180664062
136852 9.851217269897461
136837 7.061004638671875
136812 9.946823120117188
136812 12.81881332397461
136782 0.8540153503417969
136751 2.3429393768310547
136725 11.955976486206055
136709 3.9949417114257812
136703 4.611968994140625
136698 13.506174087524414
136698 9.927034378051758
136694 7.63702392578125
136694 3.0090808868408203
136694 13.29493522644043
136677 1.9550323486328125
136677 6.310939788818359
136677 11.049032211303711
136677 1.1951923370361328
136666 12.284040451049805
136657 7.866859436035156
136657 5.330085754394531
136657 9.768962860107422
136657 8.443832397460938
136657 2.727031707763672
136616 3.0410289764404297
136600 9.428977966308594
136600 5.706071853637695
136600 9.675025939941406
136599 5.515098571777344
136599 3.554105758666992
136576 8.549928665161133
136576 6.379842758178711
136569 3.4019947052001953
136569 0.5049705505371094
136564 3.5610198974609375
136564 5.592107772827148
136556 8.68368148803711
136548 1.825094223022461
136545 6.223917007446289
136545 9.194135665893555
136508 6.389856338500977
136508 11.600971221923828
136508 5.375862121582031
136499 6.6890716552734375
136499 5.978107452392578
136471 13.031005859375
136459 3.0210018157958984
136424 12.118101119995117
136398 3.949880599975586
136382 11.885881423950195
136380 5.151033401489258
136364 9.29403305053711
136285 13.072967529296875
136285 13.403892517089844
136273 11.982202529907227
136271 2.228975296020508
136271 5.333900451660156
136271 2.290964126586914
136271 3.301858901977539
136228 7.675886154174805
136228 0.23794174194335938
136228 2.438068389892578
136228 0.43392181396484375
136228 11.566162109375
136173 1.1980533599853516
136154 7.159233093261719
136154 11.499881744384766
136154 0.5519390106201172
136154 6.951093673706055
136154 13.208150863647461
136154 13.02480697631836
136145 7.943868637084961
136130 13.027191162109375
136130 1.4750957489013672
136130 9.505033493041992
136069 12.773990631103516
136069 3.461122512817383
136048 3.2470226287841797
136032 8.520841598510742
136032 3.60870361328125
136032 9.559154510498047
136006 6.538152694702148
136006 1.7688274383544922
135982 5.403041839599609
135954 6.574153900146484
135954 4.180192947387695
135954 0.4100799560546875
135939 11.106014251708984
135918 13.653039932250977
135918 2.126932144165039
135918 0.7250308990478516
135888 12.936830520629883
135888 8.73875617980957
135863 6.772041320800781
135863 7.631778717041016
135863 3.915071487426758
135860 13.644695281982422
135845 9.011030197143555
135845 13.580083847045898
135818 14.394283294677734
135808 13.84115219116211
135787 7.75909423828125
135763 5.226850509643555
135733 5.187749862670898
135648 7.47227668762207
135636 5.711078643798828
135617 2.6738643646240234
135617 13.113021850585938
135601 10.139226913452148
135601 13.993024826049805
135601 6.927728652954102
135601 0.2751350402832031
135601 12.884855270385742
135601 6.291866302490234
135601 10.522842407226562
135583 7.931947708129883
135550 6.847858428955078
135542 2.7780532836914062
135542 2.0301342010498047
135520 8.216142654418945
135520 1.4309883117675781
135520 8.569955825805664
135520 11.645078659057617
135520 3.535032272338867
135520 6.795167922973633
135520 12.930870056152344
135520 8.66389274597168
135510 9.341955184936523
135505 9.05609130859375
135437 6.135702133178711
135424 6.841182708740234
135417 3.1180381774902344
135417 8.748054504394531
135417 4.062891006469727
135417 7.4977874755859375
135417 5.235910415649414
135417 3.0748844146728516
135397 6.439208984375
135397 3.606081008911133
135397 11.791229248046875
135397 3.062009811401367
135363 12.556076049804688
135339 13.343095779418945
135339 2.9571056365966797
135339 11.343717575073242
135326 11.291265487670898
135326 8.165121078491211
135326 3.789663314819336
135314 8.153200149536133
135314 11.56926155090332
135289 6.876945495605469
135249 4.493236541748047
135240 13.84115219116211
135208 9.12165641784668
135176 12.042045593261719
135154 0.4551410675048828
135113 8.63504409790039
135113 1.5511512756347656
135113 3.1540393829345703
135093 9.367942810058594
135074 13.349771499633789
135039 8.371114730834961
135023 11.558294296264648
135019 13.80610466003418
135010 7.288217544555664
135001 3.014087677001953
135001 9.517908096313477
134982 2.9790401458740234
134949 8.322954177856445
134931 4.141092300415039
134931 8.376121520996094
134915 13.365030288696289
134885 8.502721786499023
134885 5.261898040771484
134885 2.4318695068359375
134885 13.345956802368164
134885 8.810997009277344
134885 2.122163772583008
134885 11.096954345703125
134885 2.052783966064453
134885 7.55000114440918
134858 12.520074844360352
134846 7.369041442871094
134844 12.248039245605469
134844 11.984109878540039
134844 2.454042434692383
